20210802 3.98 4.01 3.92 4.00 143752830 569909440.00
20210803 3.97 4.00 3.96 3.98 104833047 416541856.00
20210804 3.97 4.00 3.95 4.00 76843697 306233120.00
20210805 3.98 4.02 3.96 3.99 86014608 343575040.00
20210806 4.00 4.00 3.96 3.97 100167170 398806272.00
20210809 3.96 4.00 3.95 4.00 89452901 356552000.00
20210810 3.99 4.00 3.97 4.00 79408820 316464640.00
20210811 4.01 4.05 4.00 4.04 124784597 503108864.00
20210812 4.05 4.06 4.02 4.05 108665367 439132960.00
20210813 4.04 4.05 3.99 4.00 111460688 447908064.00
20210816 4.00 4.08 3.99 4.08 187260413 757848448.00
20210817 4.07 4.12 4.03 4.04 165390038 672566464.00
20210818 4.02 4.08 4.01 4.08 124526973 503196832.00
20210819 4.04 4.05 3.94 3.95 302924558 1206348032.00
20210820 3.96 3.97 3.94 3.96 118117169 467331328.00
20210823 3.96 4.00 3.96 3.98 103893721 413786368.00
20210824 4.02 4.03 3.99 4.00 106426316 426250528.00
20210825 4.01 4.05 4.00 4.04 127870562 513807808.00
20210826 4.05 4.08 4.04 4.07 159721149 648834112.00
20210827 4.06 4.11 4.05 4.10 160022064 652986176.00
20210830 4.14 4.19 4.12 4.18 264477359 1099369856.00
20210831 4.18 4.28 4.14 4.26 299890872 1262409344.00
20210901 4.27 4.32 4.22 4.27 286679181 1225401600.00
20210902 4.26 4.32 4.25 4.31 218101765 935607872.00
20210903 4.34 4.40 4.33 4.36 239287456 1044628992.00
20210906 4.36 4.39 4.34 4.36 172622090 752669440.00
20210907 4.36 4.48 4.34 4.48 311848974 1382156672.00
20210908 4.46 4.55 4.45 4.53 287994316 1296986112.00
20210909 4.55 4.69 4.53 4.65 412391183 1905921280.00
20210910 4.63 4.67 4.52 4.55 353125807 1620610048.00
20210913 4.59 4.73 4.59 4.70 379516518 1772368384.00
20210914 4.70 4.95 4.62 4.65 595752196 2825305856.00
20210915 4.62 4.80 4.58 4.73 438462942 2066945280.00
20210916 4.83 4.86 4.63 4.65 457714686 2160101376.00
20210917 4.47 4.64 4.34 4.49 443174093 1988695296.00
20210922 4.41 4.70 4.40 4.70 390160290 1788003200.00
20210923 4.73 4.78 4.61 4.64 330503583 1544086272.00
20210924 4.66 4.74 4.51 4.54 310640584 1433741696.00
20210927 4.58 4.64 4.44 4.46 335166858 1519502208.00
20210928 4.52 4.81 4.49 4.74 553126947 2572099584.00
20210929 4.63 4.64 4.40 4.46 536503133 2415117056.00
20210930 4.46 4.48 4.36 4.46 246316656 1090875520.00
20211008 4.62 4.65 4.51 4.59 330265047 1512691968.00
20211011 4.61 4.67 4.56 4.62 242940748 1121708160.00
20211012 4.59 4.65 4.46 4.51 241862456 1095706752.00
20211013 4.47 4.48 4.29 4.33 319833161 1392631168.00
20211014 4.33 4.38 4.29 4.34 129487530 561835904.00
20211015 4.37 4.42 4.32 4.42 211525136 925227328.00
20211018 4.43 4.52 4.40 4.51 258992361 1158162816.00
20211019 4.47 4.54 4.42 4.53 209153420 939647296.00
20211020 4.46 4.50 4.42 4.45 182937255 815720320.00
20211021 4.48 4.52 4.45 4.48 185046464 830021440.00
20211022 4.45 4.48 4.34 4.36 217324325 953572224.00
20211025 4.39 4.51 4.34 4.45 205336382 912746944.00
20211026 4.45 4.49 4.41 4.42 123191537 548399872.00
20211027 4.42 4.43 4.33 4.35 166850962 727072320.00
20211028 4.30 4.31 4.17 4.20 270223500 1137544704.00
20211029 4.23 4.27 4.19 4.25 161791956 684385216.00
20211101 4.24 4.27 4.20 4.22 144344285 609761088.00
20211102 4.25 4.25 4.10 4.15 252870672 1052161536.00
20211103 4.11 4.18 4.10 4.15 135010845 559379840.00
20211104 4.12 4.15 4.08 4.14 140053780 576452864.00
20211105 4.13 4.13 4.08 4.09 133598187 548109312.00
20211108 4.13 4.14 4.09 4.09 119136465 489559392.00
20211109 4.10 4.11 4.04 4.05 154510903 626897344.00
20211110 4.07 4.08 4.04 4.08 134486559 546346688.00
20211111 4.05 4.11 4.04 4.10 123956340 506435776.00
20211112 4.10 4.13 4.07 4.11 107596881 440931840.00
20211115 4.10 4.11 4.08 4.10 86677595 354903072.00
20211116 4.11 4.15 4.09 4.11 108037654 445005664.00
20211117 4.11 4.12 4.09 4.11 74651664 306548288.00
20211118 4.10 4.11 4.08 4.08 81634642 334092992.00
20211119 4.10 4.19 4.08 4.18 174345527 722122432.00
20211122 4.14 4.16 4.11 4.13 134750995 556546816.00
20211123 4.12 4.15 4.10 4.12 109857554 453731296.00
20211124 4.15 4.18 4.12 4.16 112461459 466825408.00
20211125 4.14 4.15 4.11 4.12 82037781 338159136.00
20211126 4.09 4.11 4.08 4.09 79599947 325710688.00
20211129 4.02 4.07 4.02 4.06 109627152 443356288.00
20211130 4.06 4.09 4.03 4.04 105217971 427197408.00
20211201 4.04 4.14 4.04 4.13 129070559 529480960.00
20211202 4.14 4.23 4.12 4.19 184036456 770090752.00
20211203 4.21 4.22 4.14 4.20 133620453 559104128.00
20211206 4.20 4.22 4.18 4.18 115153726 483266304.00
20211207 4.22 4.24 4.18 4.23 131608198 554374080.00
20211208 4.24 4.25 4.21 4.22 117228826 494953472.00
20211209 4.23 4.28 4.21 4.27 162228694 690375424.00
20211210 4.25 4.26 4.19 4.22 170108160 717671808.00
20211213 4.22 4.26 4.21 4.22 98005780 414644224.00
20211214 4.21 4.21 4.16 4.16 98174385 409578304.00
20211215 4.15 4.18 4.14 4.15 69862541 290428096.00
20211216 4.17 4.22 4.16 4.22 104785926 439508032.00
20211217 4.21 4.24 4.19 4.20 95602809 402619936.00
20211220 4.18 4.21 4.17 4.18 87010642 364190880.00
20211221 4.18 4.22 4.17 4.21 82630543 347200096.00
20211222 4.23 4.25 4.19 4.20 82139475 346537792.00
20211223 4.21 4.25 4.20 4.25 106305984 449481760.00
20211224 4.25 4.26 4.20 4.21 73779514 311562432.00
20211227 4.21 4.25 4.20 4.25 102619963 434894592.00
20211228 4.26 4.27 4.22 4.24 84063243 356159584.00
20211229 4.24 4.25 4.21 4.24 64788133 274232608.00
20211230 4.23 4.24 4.22 4.22 89446224 378277952.00
20211231 4.22 4.24 4.21 4.23 70121411 296672928.00
20220104 4.24 4.27 4.22 4.26 133339718 566609920.00
20220105 4.27 4.30 4.25 4.28 149797818 641183104.00
20220106 4.28 4.31 4.26 4.27 123649325 529402912.00
20220107 4.30 4.42 4.28 4.35 242168275 1052533632.00
20220110 4.33 4.37 4.30 4.34 175182904 758579392.00
20220111 4.33 4.35 4.30 4.30 115552413 499307936.00
20220112 4.35 4.37 4.31 4.32 142507078 617912256.00
20220113 4.35 4.41 4.34 4.37 255377092 1118794112.00
20220114 4.36 4.36 4.25 4.25 205778466 882886144.00
20220117 4.28 4.30 4.21 4.23 158774427 673429696.00
20220118 4.24 4.34 4.23 4.34 223752770 961324480.00
20220119 4.35 4.37 4.31 4.34 136853238 593848960.00
20220120 4.30 4.36 4.29 4.35 141549303 613204736.00
20220121 4.31 4.32 4.25 4.29 174260523 745239424.00
20220124 4.29 4.31 4.26 4.28 108255840 464033280.00
20220125 4.26 4.27 4.18 4.19 178430360 753116608.00
20220126 4.21 4.26 4.18 4.25 151337401 638377024.00
20220127 4.24 4.27 4.22 4.23 168069732 713732160.00
20220128 4.25 4.26 4.18 4.19 174000620 732503360.00
20220207 4.25 4.38 4.25 4.36 345857172 1497010432.00
20220208 4.33 4.43 4.32 4.42 272179145 1192232960.00
20220209 4.38 4.43 4.38 4.39 189094191 832249152.00
20220210 4.41 4.46 4.38 4.45 178386242 790349184.00
20220211 4.44 4.61 4.42 4.50 306329470 1381637120.00
20220214 4.58 4.59 4.41 4.44 307322656 1374732032.00
20220215 4.41 4.43 4.33 4.35 207664712 906578432.00
20220216 4.31 4.37 4.29 4.35 137740446 597012608.00
20220217 4.33 4.38 4.32 4.35 125887122 547256384.00
20220218 4.33 4.38 4.32 4.38 104729777 456217696.00
20220221 4.37 4.38 4.34 4.36 93679728 408097344.00
20220222 4.40 4.42 4.34 4.40 193828263 849034112.00
20220223 4.38 4.39 4.32 4.33 191024437 828411648.00
20220224 4.33 4.45 4.31 4.39 444079972 1949429632.00
20220225 4.33 4.35 4.29 4.30 336436150 1453858432.00
20220228 4.34 4.36 4.31 4.33 175487911 760120512.00
20220301 4.32 4.34 4.28 4.32 181403855 780832384.00
20220302 4.36 4.39 4.34 4.36 279224499 1218688896.00
20220303 4.38 4.46 4.37 4.44 360681699 1595493760.00
20220304 4.42 4.42 4.35 4.38 231600186 1013701056.00
20220307 4.43 4.45 4.32 4.35 262568717 1151995776.00
20220308 4.31 4.32 4.21 4.23 310873581 1325258496.00
20220309 4.24 4.25 4.05 4.14 270163648 1125292672.00
20220310 4.14 4.17 4.13 4.15 145890809 605686592.00
20220311 4.12 4.17 4.07 4.15 162844941 668621824.00
20220314 4.13 4.19 4.11 4.11 148739420 617581248.00
20220315 4.10 4.11 3.97 3.98 287309780 1158303488.00
20220316 4.02 4.07 3.96 4.06 176310355 706802688.00
20220317 4.08 4.11 4.05 4.08 160428998 654523456.00
20220318 4.10 4.14 4.09 4.13 152767963 628992768.00
20220321 4.15 4.15 4.09 4.11 108018446 444151168.00
20220322 4.13 4.16 4.11 4.15 110999231 459569664.00
20220323 4.14 4.15 4.11 4.13 94522371 390490368.00
20220324 4.15 4.17 4.14 4.15 110856311 460715552.00
20220325 4.14 4.18 4.13 4.16 98408555 409148864.00
20220328 4.25 4.31 4.21 4.29 261976577 1117883520.00
20220329 4.26 4.34 4.25 4.33 152668301 655934848.00
20220330 4.31 4.33 4.28 4.32 132336913 569145408.00
20220331 4.31 4.35 4.30 4.32 131158677 567655296.00
20220401 4.32 4.38 4.31 4.37 159251687 693447488.00
20220406 4.36 4.41 4.36 4.41 159942513 701904128.00
20220407 4.39 4.42 4.36 4.36 156646920 686670656.00
20220408 4.37 4.40 4.34 4.38 112452886 491208320.00
20220411 4.39 4.40 4.33 4.34 157423261 687234496.00
20220412 4.33 4.36 4.29 4.35 160743544 695248256.00
20220413 4.35 4.39 4.34 4.35 160185039 700326976.00
20220414 4.38 4.41 4.36 4.39 137746142 603781504.00
20220415 4.38 4.40 4.35 4.35 124368239 543718528.00
20220418 4.34 4.35 4.28 4.29 134674058 580258496.00
20220419 4.31 4.38 4.30 4.36 144330453 626757120.00
20220420 4.34 4.36 4.29 4.30 137386675 593013504.00
20220421 4.31 4.32 4.23 4.24 151089139 645520576.00
20220422 4.22 4.34 4.22 4.33 147535228 633041600.00
20220425 4.29 4.31 4.19 4.19 206751796 880142272.00
20220426 4.20 4.23 4.15 4.15 176892294 739779904.00
20220427 4.15 4.22 4.15 4.22 143103788 598521984.00
20220428 4.25 4.34 4.24 4.32 237244862 1018789504.00
20220429 4.32 4.36 4.27 4.34 177722587 767396608.00
20220505 4.35 4.39 4.32 4.35 166832570 726040832.00
20220506 4.31 4.33 4.27 4.28 139892470 600997056.00
20220509 4.28 4.32 4.26 4.30 89335298 383620672.00
20220510 4.25 4.32 4.22 4.30 181459757 774767104.00
20220511 4.30 4.31 4.26 4.29 122658787 525295840.00
20220512 4.29 4.31 4.26 4.27 95049920 406756160.00
20220513 4.29 4.32 4.28 4.31 120842816 520394688.00
20220516 4.34 4.34 4.30 4.33 103399145 446719200.00
20220517 4.34 4.38 4.33 4.35 133536603 581633920.00
20220518 4.35 4.35 4.30 4.31 123647554 533753664.00
20220519 4.27 4.31 4.26 4.29 120347586 515467136.00
20220520 4.30 4.33 4.29 4.32 126084071 544408768.00
20220523 4.34 4.34 4.30 4.31 121321337 523731264.00
20220524 4.32 4.34 4.27 4.28 170415458 735326464.00
20220525 4.29 4.35 4.28 4.34 148791697 643188800.00
20220526 4.35 4.39 4.33 4.38 188243063 820260800.00
20220527 4.41 4.45 4.39 4.41 237600426 1049466112.00
20220530 4.43 4.44 4.37 4.40 189377850 834398528.00
20220531 4.40 4.46 4.40 4.46 210737224 935479680.00
20220601 4.44 4.45 4.36 4.40 207829647 913447424.00
20220602 4.39 4.44 4.37 4.42 168931446 743088768.00
20220606 4.44 4.45 4.40 4.44 222992602 987043072.00
20220607 4.43 4.51 4.42 4.48 223764478 1000069504.00
20220608 4.49 4.52 4.46 4.51 228977868 1028076928.00
20220609 4.51 4.56 4.50 4.52 357723608 1621775232.00
20220610 4.22 4.24 4.18 4.23 290729222 1222650624.00
20220613 4.20 4.23 4.14 4.17 245917014 1026616512.00
20220614 4.15 4.25 4.14 4.24 235045273 986034752.00
20220615 4.22 4.25 4.20 4.20 233223766 985284288.00
20220616 4.20 4.21 4.13 4.14 236964420 984412160.00
20220617 4.13 4.14 4.10 4.12 173075165 712541824.00
20220620 4.09 4.09 4.05 4.07 200890682 816757888.00
20220621 4.07 4.09 4.06 4.07 120252287 489629664.00
20220622 4.08 4.09 4.03 4.03 165483911 670103040.00
20220623 4.02 4.07 4.02 4.07 109567611 443022720.00
20220624 4.06 4.09 4.04 4.08 127122095 515957600.00
20220627 4.07 4.11 4.06 4.10 110950517 454336832.00
20220628 4.10 4.11 4.08 4.10 75855750 310733152.00
20220629 4.10 4.12 4.09 4.10 84986216 348721728.00
20220630 4.09 4.11 4.08 4.08 76245597 312249216.00
20220701 4.08 4.09 4.06 4.08 68031548 277108256.00
20220704 4.09 4.10 4.08 4.10 64414032 263564784.00
20220705 4.11 4.13 4.09 4.12 108862796 447683520.00
20220706 4.09 4.10 4.06 4.07 102922544 419383264.00
20220707 4.07 4.08 4.06 4.06 66531346 270818144.00
20220708 4.08 4.09 4.07 4.08 51291127 209327904.00
20220711 4.08 4.09 4.07 4.08 68286697 278438336.00
20220712 4.08 4.10 4.07 4.09 59110212 241619232.00
20220713 4.08 4.09 4.06 4.07 81886575 333418176.00
20220714 4.07 4.08 4.05 4.06 72288869 293618880.00
20220715 4.06 4.06 4.02 4.02 96402510 389924832.00
20220718 4.04 4.10 4.03 4.10 102062516 416252064.00
20220719 4.10 4.12 4.09 4.10 76116043 312393408.00
20220720 4.12 4.13 4.10 4.10 67447668 277162144.00
20220721 4.10 4.12 4.08 4.09 90476655 370819392.00
20220722 4.09 4.12 4.08 4.11 67238419 275955904.00
20220725 4.11 4.11 4.09 4.10 52336138 214658240.00
20220726 4.11 4.13 4.10 4.12 75384617 310557056.00
20220727 4.12 4.13 4.10 4.10 57986417 238612336.00
20220728 4.12 4.13 4.11 4.12 68481426 282449696.00
20220729 4.13 4.16 4.11 4.11 106497903 440081152.00
20220801 4.12 4.13 4.10 4.11 83788149 344651936.00
20220802 4.09 4.10 4.04 4.08 146218040 594987776.00
20220803 4.07 4.10 4.06 4.06 67214451 274174016.00
20220804 4.07 4.08 4.05 4.07 68047725 276826496.00
20220805 4.07 4.09 4.05 4.08 58444934 237827120.00
20220808 4.08 4.11 4.07 4.10 59881670 245127824.00
20220809 4.11 4.12 4.09 4.11 60893659 250073824.00
20220810 4.11 4.13 4.09 4.11 60379213 248212880.00
20220811 4.13 4.14 4.12 4.14 70941297 292997824.00
20220812 4.14 4.16 4.14 4.15 96861479 402085024.00
20220815 4.13 4.15 4.11 4.14 88645969 366234304.00
20220816 4.13 4.13 4.11 4.12 54210381 223573536.00
20220817 4.13 4.15 4.12 4.15 60194626 249205040.00
20220818 4.15 4.16 4.12 4.13 62109166 256538912.00
20220819 4.13 4.16 4.12 4.14 95303641 395305536.00
20220822 4.14 4.18 4.14 4.17 100529117 418757440.00
20220823 4.17 4.20 4.16 4.19 105610155 441733728.00
20220824 4.21 4.23 4.16 4.16 109371896 457956128.00
20220825 4.17 4.23 4.17 4.23 141691025 595963200.00
20220826 4.25 4.27 4.21 4.25 167721261 712686656.00
20220829 4.27 4.30 4.24 4.26 189544074 808232768.00
20220830 4.27 4.31 4.24 4.29 178907493 765810560.00
20220831 4.27 4.28 4.22 4.27 185683753 788326272.00
20220901 4.24 4.27 4.22 4.23 107229090 455364896.00
20220902 4.23 4.26 4.22 4.26 98305593 417394816.00
20220905 4.26 4.35 4.26 4.34 195804165 845126336.00
20220906 4.35 4.42 4.34 4.41 210832546 925515008.00
20220907 4.39 4.42 4.38 4.41 117898386 518639552.00
20220908 4.39 4.46 4.36 4.41 164593246 727152448.00
20220909 4.41 4.46 4.40 4.45 135970669 604769472.00
20220913 4.48 4.49 4.41 4.43 166910015 741477888.00
20220914 4.40 4.42 4.36 4.38 141726985 621976576.00
20220915 4.40 4.44 4.37 4.40 150419531 662987392.00
20220916 4.38 4.40 4.30 4.30 184693546 800303680.00
20220919 4.16 4.21 4.13 4.18 151860313 633515264.00
20220920 4.23 4.27 4.20 4.22 117637777 497943072.00
20220921 4.21 4.26 4.18 4.25 109820265 464430048.00
20220922 4.27 4.40 4.26 4.39 242071140 1049889088.00
20220923 4.40 4.55 4.39 4.47 254647626 1141258496.00
20220926 4.40 4.41 4.27 4.27 253900239 1102354688.00
20220927 4.27 4.30 4.21 4.28 158932721 675315008.00
20220928 4.29 4.32 4.25 4.25 91599103 391642272.00
20220929 4.30 4.33 4.23 4.26 112390250 481151616.00
20220930 4.27 4.30 4.25 4.29 93335645 399488128.00
20221010 4.35 4.39 4.32 4.34 176475714 767772800.00
20221011 4.33 4.36 4.30 4.32 120276825 520740992.00
20221012 4.31 4.35 4.30 4.34 105106326 454562816.00
20221013 4.34 4.35 4.25 4.28 146150155 626851520.00
20221014 4.31 4.35 4.30 4.33 110284245 477434944.00
20221017 4.31 4.32 4.27 4.29 114887375 492528096.00
20221018 4.30 4.31 4.28 4.29 81421227 349401952.00
20221019 4.28 4.30 4.25 4.26 102566883 438409952.00
20221020 4.25 4.28 4.25 4.27 79589042 339313024.00
20221021 4.27 4.35 4.26 4.34 152043071 657644608.00
20221024 4.35 4.36 4.27 4.33 199167466 859676928.00
20221025 4.33 4.34 4.28 4.28 115039606 494980256.00
20221026 4.28 4.30 4.23 4.23 135932629 579432960.00
20221027 4.24 4.30 4.24 4.28 116576458 497869568.00
20221028 4.29 4.33 4.26 4.28 131060934 562692352.00
20221031 4.20 4.21 4.06 4.07 317899968 1305231872.00
20221101 4.06 4.12 4.05 4.11 165614522 675484864.00
20221102 4.11 4.13 4.08 4.12 109574095 449753888.00
20221103 4.10 4.23 4.09 4.20 171370861 715178496.00
20221104 4.20 4.26 4.19 4.23 102138703 432750976.00
20221107 4.24 4.29 4.21 4.27 90854155 387554208.00
20221108 4.27 4.29 4.25 4.28 57795615 246798416.00
20221109 4.26 4.30 4.25 4.28 64366595 275760288.00
20221110 4.26 4.27 4.19 4.25 87748829 371763648.00
20221111 4.29 4.31 4.25 4.29 122640789 525520096.00
20221114 4.31 4.34 4.28 4.29 96314729 414612352.00
20221115 4.27 4.29 4.25 4.28 85670162 366055232.00
20221116 4.27 4.32 4.26 4.30 93492423 401230272.00
20221117 4.29 4.33 4.28 4.31 72949987 314013952.00
20221118 4.30 4.31 4.25 4.25 91359190 390371232.00
20221121 4.24 4.25 4.22 4.24 77034104 326596864.00
20221122 4.25 4.35 4.24 4.32 162526470 697936192.00
20221123 4.33 4.43 4.33 4.40 211781274 929989440.00
20221124 4.38 4.41 4.37 4.38 109375603 480199456.00
20221125 4.40 4.50 4.39 4.49 297123032 1330040192.00
20221128 4.45 4.47 4.37 4.45 160259525 710249088.00
20221129 4.45 4.49 4.42 4.49 138841112 620525760.00
20221130 4.47 4.53 4.47 4.53 135058535 609182144.00
20221201 4.55 4.56 4.50 4.51 119946240 543010432.00
20221202 4.53 4.54 4.48 4.50 92076964 414783392.00
20221205 4.52 4.65 4.52 4.62 183668137 844697792.00
20221206 4.61 4.66 4.58 4.65 158077282 731860608.00
20221207 4.64 4.65 4.57 4.59 115477555 532242624.00
20221208 4.59 4.62 4.49 4.53 124675778 565975360.00
20221209 4.53 4.55 4.49 4.51 114388075 516452736.00
20221212 4.53 4.55 4.46 4.48 98528690 443418176.00
20221213 4.49 4.50 4.47 4.48 99969626 448218080.00
20221214 4.49 4.50 4.43 4.46 77300598 344157408.00
20221215 4.46 4.46 4.40 4.42 73303849 323871488.00
20221216 4.40 4.47 4.39 4.45 72323114 321389120.00
20221219 4.43 4.44 4.33 4.35 114614679 500326080.00
20221220 4.35 4.40 4.33 4.34 80955087 353201440.00
20221221 4.35 4.39 4.32 4.36 89475129 389706112.00
20221222 4.39 4.40 4.34 4.36 80765789 353281760.00
20221223 4.35 4.37 4.33 4.34 55463520 241103408.00
20221226 4.36 4.37 4.30 4.31 77838300 336121472.00
20221227 4.33 4.38 4.32 4.37 77543712 337947840.00
20221228 4.36 4.44 4.35 4.42 84737494 373584032.00
20221229 4.40 4.41 4.34 4.34 85213626 371514368.00
20221230 4.37 4.38 4.35 4.36 61672395 269283104.00
20230103 4.38 4.41 4.35 4.40 85476673 374524384.00
20230104 4.39 4.43 4.37 4.41 84898211 373568800.00
20230105 4.40 4.43 4.38 4.39 86407162 379844544.00
20230106 4.39 4.40 4.34 4.38 107204520 467445056.00
20230109 4.38 4.40 4.37 4.38 64295365 281711104.00
20230110 4.38 4.39 4.36 4.37 54014563 236308576.00
20230111 4.37 4.43 4.36 4.41 97370733 428350944.00
20230112 4.43 4.45 4.40 4.44 63917725 283079168.00
20230113 4.45 4.48 4.42 4.45 81731541 363295712.00
20230116 4.45 4.49 4.42 4.47 105724025 471108480.00
20230117 4.47 4.48 4.41 4.45 110430363 489473088.00
20230118 4.45 4.48 4.44 4.47 71873259 320719584.00
20230119 4.46 4.50 4.45 4.49 73744947 330286432.00
20230120 4.51 4.59 4.49 4.54 112638099 511018528.00
20230130 4.57 4.59 4.51 4.52 135756787 617364736.00
20230131 4.53 4.55 4.51 4.52 84142039 381523200.00
20230201 4.53 4.54 4.49 4.52 110185914 497561792.00
20230202 4.52 4.55 4.48 4.52 105653441 476941760.00
20230203 4.51 4.52 4.47 4.47 85192889 382252096.00
20230206 4.46 4.50 4.45 4.49 66097613 296044000.00
20230207 4.49 4.52 4.48 4.50 58848224 265097728.00
20230208 4.52 4.55 4.50 4.51 68157337 308255008.00
20230209 4.51 4.52 4.49 4.51 53135895 239378256.00
20230210 4.50 4.51 4.48 4.50 63773713 286780128.00
20230213 4.50 4.51 4.47 4.49 83119053 373385600.00
20230214 4.49 4.52 4.49 4.51 65108551 293325312.00
20230215 4.51 4.52 4.49 4.51 59122094 266271744.00
20230216 4.52 4.58 4.50 4.51 136311875 619243648.00
20230217 4.51 4.55 4.51 4.52 73961240 335240768.00
20230220 4.53 4.63 4.53 4.62 152210828 697751616.00
20230221 4.63 4.72 4.62 4.69 158143803 738484864.00
20230222 4.68 4.70 4.65 4.65 87737712 410354336.00
20230223 4.67 4.68 4.63 4.65 97396085 453064672.00
20230224 4.66 4.67 4.61 4.63 75994011 352110720.00
20230227 4.62 4.65 4.60 4.61 72373069 334846048.00
20230228 4.61 4.68 4.61 4.66 112012666 521041376.00
20230301 4.66 4.76 4.66 4.75 161313362 763094720.00
20230302 4.75 4.91 4.73 4.85 210063405 1018299328.00
20230303 4.86 5.07 4.85 5.02 366984715 1831272064.00
20230306 5.05 5.13 5.02 5.10 242714843 1232607488.00
20230307 5.10 5.45 5.10 5.26 500799174 2666889984.00
20230308 5.18 5.34 5.11 5.31 294845495 1551628160.00
20230309 5.31 5.45 5.29 5.31 246922568 1320743552.00
20230310 5.27 5.33 5.18 5.21 222698242 1169450880.00
20230313 5.21 5.56 5.21 5.53 402580072 2184744192.00
20230314 5.50 5.61 5.45 5.52 281365279 1554089728.00
20230315 5.51 5.58 5.37 5.53 258417051 1416526848.00
20230316 5.47 5.54 5.42 5.45 193292292 1057138048.00
20230317 5.48 5.77 5.47 5.68 351633875 1987706112.00
20230320 5.68 5.93 5.61 5.66 385227823 2217560320.00
20230321 5.67 5.71 5.47 5.57 255739794 1420217856.00
20230322 5.58 5.70 5.55 5.64 181605396 1021766784.00
20230323 5.63 5.71 5.60 5.70 145659528 824920256.00
20230324 5.68 5.68 5.48 5.52 281656080 1558075136.00
20230327 5.35 5.42 5.21 5.35 432898449 2301272064.00
20230328 5.45 5.62 5.45 5.56 360109135 1996352384.00
20230329 5.60 5.60 5.44 5.47 188276297 1033656000.00
20230330 5.48 5.69 5.46 5.60 206365299 1153906304.00
20230331 5.60 5.65 5.53 5.62 150841520 844231744.00
20230403 5.70 5.77 5.52 5.56 235127219 1325367296.00
20230404 5.59 5.82 5.53 5.79 294518073 1683825152.00
20230406 5.77 5.84 5.69 5.81 167291303 965511360.00
20230407 5.81 5.81 5.65 5.71 186512664 1064126784.00
20230410 5.72 5.96 5.71 5.89 251658464 1472575872.00
20230411 5.86 6.01 5.83 6.00 253634013 1510460288.00
20230412 6.04 6.24 6.03 6.16 258850211 1590793472.00
20230413 6.20 6.33 6.05 6.07 297737265 1836673408.00
20230414 6.10 6.17 6.02 6.10 153636072 936025792.00
20230417 6.08 6.37 6.05 6.35 316033134 1984096000.00
20230418 6.33 6.35 6.22 6.33 160474390 1009293056.00
20230419 6.30 6.40 6.26 6.28 138481182 873658624.00
20230420 6.25 6.37 6.20 6.34 194788752 1224457728.00
20230421 6.33 6.47 6.23 6.25 198886310 1257432576.00
20230424 6.30 6.44 6.26 6.32 286037358 1816300800.00
20230425 6.35 6.57 6.33 6.53 301825101 1964011776.00
20230426 6.47 6.55 6.38 6.51 231537028 1500496640.00
20230427 6.43 6.65 6.39 6.59 177142651 1159454592.00
20230428 6.54 6.74 6.44 6.71 224437452 1482971008.00
20230504 6.56 6.76 6.40 6.71 226693879 1495823616.00
20230505 6.69 6.73 6.50 6.59 181224005 1196740096.00
20230508 6.62 6.93 6.62 6.89 236440357 1611727488.00
20230509 6.88 6.99 6.79 6.81 229248998 1579906048.00
20230510 6.81 6.82 6.37 6.47 363694105 2370024192.00
20230511 6.46 6.50 6.31 6.33 202882771 1295530368.00
20230512 6.33 6.47 6.22 6.34 195978734 1250041216.00
20230515 6.33 6.39 6.19 6.38 191403076 1202573312.00
20230516 6.39 6.57 6.34 6.41 146345745 942849984.00
20230517 6.38 6.46 6.20 6.45 182305882 1157606528.00
20230518 6.45 6.68 6.43 6.59 214662206 1416225280.00
20230519 6.59 6.64 6.38 6.41 138252273 894201984.00
20230522 6.34 6.44 6.26 6.32 145504983 920677184.00
20230523 6.35 6.42 6.23 6.23 129740652 817675264.00
20230524 6.20 6.22 6.06 6.09 192843491 1179937536.00
20230525 6.04 6.11 5.96 6.09 225986596 1361748736.00
20230526 6.04 6.26 6.04 6.18 109096996 671878016.00
20230529 6.22 6.55 6.21 6.51 241704818 1558194176.00
20230530 6.51 6.59 6.38 6.45 148184193 960606080.00
20230531 6.39 6.45 6.30 6.36 157200350 1001848000.00
20230601 6.36 6.63 6.31 6.49 174903616 1137740800.00
20230602 6.53 6.60 6.47 6.49 109785885 715324480.00
20230605 6.53 6.68 6.49 6.57 131595173 868268608.00
20230606 6.55 6.67 6.45 6.55 107081308 705207808.00
20230607 6.54 6.60 6.48 6.54 84201845 550746752.00
20230608 6.58 6.72 6.47 6.67 136384825 903656512.00
20230609 6.65 6.78 6.59 6.78 210782076 1415644160.00
20230612 6.75 6.88 6.57 6.62 193281937 1291087232.00
20230613 6.59 6.62 6.41 6.57 147883255 962020672.00
20230614 6.66 6.71 6.58 6.58 105974065 704042944.00
20230615 6.58 6.61 6.46 6.52 104678214 682521408.00
20230616 6.54 6.64 6.50 6.51 142081528 929801216.00
20230619 6.51 6.53 6.37 6.48 149503706 967063744.00
20230620 6.49 6.50 6.29 6.32 178876779 1137272192.00
20230621 6.14 6.29 6.12 6.21 139392067 866915776.00
20230626 6.15 6.19 6.05 6.07 136577288 836279168.00
20230627 6.09 6.29 5.99 6.22 142202248 874650304.00
20230628 6.20 6.32 6.18 6.32 89307085 559081728.00
20230629 6.32 6.42 6.25 6.30 100463481 635430464.00
20230630 6.30 6.39 6.26 6.36 69520589 441483328.00
20230703 6.38 6.55 6.36 6.53 118121080 764931264.00
20230704 6.50 6.60 6.47 6.50 81819315 533465312.00
20230705 6.50 6.55 6.41 6.48 56503439 365220608.00
20230706 6.46 6.51 6.42 6.49 61312614 396933248.00
20230707 6.48 6.60 6.44 6.55 85762056 561170112.00
20230710 6.58 6.60 6.41 6.44 83883842 542795968.00
20230711 6.49 6.53 6.41 6.45 54689793 354144256.00
20230712 6.50 6.56 6.46 6.48 73956702 480672352.00
20230713 6.49 6.65 6.47 6.65 114072144 751975296.00
20230714 6.65 6.73 6.61 6.66 78365734 522649984.00
20230717 6.62 6.68 6.48 6.56 63678211 416169248.00
20230718 6.59 6.59 6.45 6.49 54816803 356538688.00
20230719 6.50 6.58 6.48 6.53 59811018 389964608.00
20230720 6.51 6.55 6.37 6.37 83705165 539252096.00
20230721 6.37 6.41 6.33 6.36 55726215 354472032.00
20230724 6.32 6.42 6.27 6.36 51769743 329300384.00
20230725 6.43 6.47 6.36 6.46 91706030 590058816.00
20230726 6.45 6.49 6.23 6.27 110772399 700118656.00
20230727 6.29 6.34 6.19 6.23 105719609 661119104.00
20230728 6.21 6.27 6.14 6.26 132214079 821175488.00
20230731 6.26 6.37 6.17 6.20 158225903 986875968.00
20230801 6.22 6.27 6.20 6.27 126010729 785718080.00
20230802 6.26 6.26 5.98 6.03 241335917 1467603584.00
20230803 6.01 6.06 5.93 5.99 166187482 993856064.00
20230804 6.02 6.14 6.02 6.05 145096078 881065984.00
20230807 6.05 6.17 6.02 6.13 118871655 727363776.00
20230808 6.12 6.19 6.07 6.15 88269173 542250816.00
20230809 6.14 6.15 6.07 6.13 78875085 482399776.00
20230810 6.15 6.23 6.13 6.20 93764218 579872384.00
20230811 6.19 6.22 6.07 6.08 95660175 586037952.00
20230814 6.04 6.12 6.00 6.10 74298348 451477280.00
20230815 6.10 6.25 6.07 6.17 120474678 743908864.00
20230816 6.17 6.17 6.03 6.07 101008106 614422400.00
20230817 6.05 6.12 6.00 6.12 77050427 466539360.00
20230818 6.10 6.17 6.07 6.07 71616416 437573344.00
20230821 6.09 6.11 6.01 6.04 98975680 599940608.00
20230822 6.05 6.23 6.03 6.20 131324256 807198208.00
20230823 6.20 6.26 6.18 6.19 84425873 525354496.00
20230824 6.19 6.26 6.12 6.14 102309705 631985536.00
20230825 6.16 6.22 6.13 6.16 83287783 514735680.00
20230828 6.36 6.41 6.16 6.20 172176158 1078828928.00
20230829 6.20 6.26 6.09 6.10 158460802 975219200.00
20230830 6.12 6.17 6.08 6.08 115284507 705037696.00
20230831 6.11 6.13 6.05 6.07 88844508 539702016.00
20230901 6.09 6.12 6.06 6.11 87458672 533458912.00
20230904 6.16 6.34 6.14 6.30 201715156 1266201728.00
20230905 6.29 6.38 6.24 6.34 106758686 674746944.00
20230906 6.35 6.38 6.25 6.31 103056526 649591744.00
20230907 6.31 6.40 6.30 6.31 123321344 782596480.00
20230908 6.30 6.31 6.22 6.23 63986771 399585216.00
20230911 6.24 6.33 6.23 6.26 106810955 671275712.00
20230912 6.25 6.28 6.15 6.27 114108598 709252544.00
20230913 6.27 6.35 6.25 6.29 125914453 792365504.00
20230914 6.28 6.38 6.28 6.33 160592227 1016571136.00
20230915 6.23 6.30 6.08 6.09 245483264 1518788736.00
20230918 6.09 6.11 5.97 6.01 174023669 1047959488.00
20230919 6.03 6.17 6.00 6.15 178756666 1091477760.00
20230920 6.15 6.17 6.06 6.14 82728954 507245536.00
20230921 6.15 6.22 6.11 6.12 113067583 695604928.00
20230922 6.17 6.26 6.13 6.24 170499103 1058656704.00
20230925 6.28 6.28 6.12 6.14 112695120 697697280.00
20230926 6.13 6.18 6.11 6.11 83774527 514426112.00
20230927 6.14 6.21 6.12 6.16 95523764 589295872.00
20230928 6.21 6.22 6.07 6.07 131532624 802674944.00
20231009 6.02 6.10 5.87 6.06 189420268 1135111936.00
20231010 6.09 6.10 5.91 5.93 130551770 780264960.00
20231011 5.96 5.96 5.77 5.80 171252962 998443392.00
20231012 5.82 5.85 5.73 5.82 113105504 656023296.00
20231013 5.80 5.87 5.75 5.85 100910731 587878976.00
20231016 5.88 5.95 5.83 5.86 115128102 676179840.00
20231017 5.86 5.92 5.82 5.91 98242917 577921088.00
20231018 5.93 5.95 5.88 5.90 99264266 587132224.00
20231019 5.88 5.88 5.76 5.77 108074824 627247488.00
20231020 5.77 5.78 5.68 5.69 104486960 597737280.00
20231023 5.66 5.72 5.51 5.58 141660572 793358272.00
20231024 5.56 5.67 5.55 5.61 117084799 656691968.00
20231025 5.63 5.65 5.46 5.48 178053641 983258816.00
20231026 5.46 5.57 5.45 5.56 117467508 649524544.00
20231027 5.58 5.68 5.55 5.60 146865798 826331776.00
20231030 5.60 5.61 5.37 5.39 198438980 1077573760.00
20231031 5.39 5.49 5.35 5.46 150443971 816311616.00
20231101 5.45 5.51 5.39 5.47 121843162 662973824.00
20231102 5.49 5.59 5.47 5.53 150395265 834878976.00
20231103 5.54 5.61 5.49 5.51 121922479 675773120.00
20231106 5.51 5.53 5.33 5.37 214555331 1152913792.00
20231107 5.36 5.39 5.32 5.37 101825752 545594112.00
20231108 5.33 5.33 5.29 5.31 96325434 511046048.00
20231109 5.29 5.43 5.28 5.40 159975381 860173760.00
20231110 5.39 5.45 5.33 5.41 104459190 563718528.00
20231113 5.43 5.51 5.39 5.49 112172248 612059008.00
20231114 5.50 5.53 5.41 5.44 91043051 496443008.00
20231115 5.47 5.54 5.46 5.53 98616277 542894464.00
20231116 5.51 5.59 5.48 5.48 73794971 407107904.00
20231117 5.45 5.48 5.40 5.44 78205784 425178048.00
20231120 5.46 5.52 5.44 5.49 80291621 440890304.00
20231121 5.52 5.56 5.49 5.50 86009681 475600224.00
20231122 5.50 5.54 5.47 5.47 54816633 301666464.00
20231123 5.46 5.49 5.45 5.47 48202425 263538384.00
20231124 5.47 5.52 5.47 5.48 59702219 327943456.00
20231127 5.46 5.47 5.39 5.44 95581061 518217248.00
20231128 5.44 5.47 5.40 5.46 68295313 371117792.00
20231129 5.46 5.47 5.38 5.40 82767087 447641024.00
20231130 5.42 5.48 5.40 5.47 103135793 562088576.00
20231201 5.45 5.48 5.37 5.44 112381070 609347584.00
20231204 5.44 5.53 5.43 5.48 121933332 670056320.00
20231205 5.47 5.49 5.37 5.38 105561304 573667648.00
20231206 5.38 5.42 5.27 5.39 151222388 808028352.00
20231207 5.35 5.37 5.28 5.36 130455080 696305344.00
20231208 5.37 5.47 5.34 5.47 242124616 1317284608.00
20231211 5.44 5.45 5.24 5.36 256746375 1363978880.00
20231212 5.33 5.42 5.30 5.41 142717424 769154496.00
20231213 5.37 5.41 5.31 5.32 96026838 513895616.00
20231214 5.35 5.36 5.29 5.29 84447790 449031456.00
20231215 5.31 5.34 5.25 5.25 124024670 656087936.00
20231218 5.25 5.35 5.22 5.29 99454325 526783168.00
20231219 5.29 5.30 5.21 5.29 101253825 531828384.00
20231220 5.28 5.34 5.26 5.28 98619983 523692352.00
20231221 5.26 5.29 5.22 5.24 124256094 651819968.00
20231222 5.24 5.35 5.23 5.35 178028575 946586432.00
20231225 5.35 5.41 5.32 5.39 77969213 417919776.00
20231226 5.40 5.43 5.38 5.40 65863545 356291392.00
20231227 5.41 5.55 5.38 5.52 135606857 744389696.00
20231228 5.52 5.58 5.45 5.47 127712231 700817856.00
20231229 5.47 5.60 5.43 5.58 148629486 822666880.00
20240102 5.58 5.65 5.56 5.62 146220062 820869760.00
20240103 5.59 5.71 5.59 5.71 128603866 729250112.00
20240104 5.71 5.78 5.64 5.69 151461064 861440832.00
20240105 5.67 5.72 5.59 5.62 154780280 875016448.00
20240108 5.62 5.66 5.55 5.57 123704606 691061056.00
20240109 5.54 5.60 5.50 5.58 121991979 678417536.00
20240110 5.57 5.61 5.49 5.50 106462356 588911808.00
20240111 5.48 5.49 5.35 5.36 161946300 873225920.00
20240112 5.35 5.40 5.33 5.37 103607151 555996032.00
20240115 5.36 5.43 5.33 5.42 100975920 543758848.00
20240116 5.42 5.46 5.38 5.43 99165213 537307008.00
20240117 5.42 5.45 5.36 5.36 111009958 600587840.00
20240118 5.38 5.38 5.15 5.31 253885367 1333348736.00
20240119 5.29 5.38 5.24 5.35 168814689 900341312.00
20240122 5.34 5.39 5.25 5.29 182016422 972393472.00
20240123 5.29 5.31 5.17 5.28 155539928 815252096.00
20240124 5.28 5.46 5.28 5.46 172565893 927559744.00
20240125 5.50 5.89 5.48 5.89 293126073 1676867968.00
20240126 5.87 5.87 5.69 5.82 273291993 1578469120.00
20240129 5.79 6.12 5.77 5.93 301866280 1798137088.00
20240130 5.89 6.04 5.88 5.93 213898889 1276869760.00
20240131 5.90 6.03 5.88 5.96 179230296 1068806336.00
20240201 5.91 5.95 5.83 5.85 194321081 1144129408.00
20240202 5.85 5.99 5.83 5.89 226500348 1343900544.00
20240205 5.90 6.05 5.90 6.02 256760026 1539735040.00
20240206 6.01 6.09 5.91 5.97 236109093 1412854912.00
20240207 5.97 6.05 5.86 6.02 244496896 1454266752.00
20240208 6.00 6.05 5.92 5.99 180767621 1081951360.00
20240219 6.01 6.32 5.99 6.28 245952100 1526612736.00
20240220 6.28 6.34 6.23 6.25 140167551 877611392.00
20240221 6.25 6.40 6.21 6.25 216201582 1363313408.00
20240222 6.24 6.45 6.23 6.42 185465300 1180107520.00
20240223 6.42 6.47 6.33 6.37 188353609 1201088128.00
20240226 6.35 6.43 6.24 6.26 133362837 843105984.00
20240227 6.25 6.32 6.21 6.25 123183416 769960768.00
20240228 6.24 6.28 6.13 6.19 152687861 948079168.00
20240229 6.18 6.25 6.16 6.25 108442260 673227200.00
20240301 6.22 6.25 6.16 6.20 110080455 682982144.00
20240304 6.20 6.38 6.19 6.34 181260145 1145165184.00
20240305 6.31 6.42 6.28 6.39 143240239 911819520.00
20240306 6.39 6.46 6.34 6.38 113072246 723669888.00
20240307 6.38 6.49 6.36 6.43 119908108 772136960.00
20240308 6.41 6.47 6.34 6.46 114059185 731069760.00
20240311 6.43 6.43 6.28 6.36 157915651 1001462912.00
20240312 6.34 6.34 6.12 6.13 196148420 1215707904.00
20240313 6.11 6.17 6.06 6.15 116291132 711283456.00
20240314 6.17 6.26 6.13 6.22 124530510 773646592.00
20240315 6.23 6.28 6.14 6.20 99667767 617143680.00
20240318 6.21 6.24 6.16 6.20 95081426 589358464.00
20240319 6.21 6.26 6.13 6.15 127927492 793271424.00
20240320 6.15 6.28 6.09 6.24 115494796 717786880.00
20240321 6.24 6.30 6.20 6.25 70921784 443727072.00
20240322 6.23 6.26 6.13 6.20 98100369 606684032.00
20240325 6.17 6.30 6.16 6.23 153008328 956140608.00
20240326 6.23 6.27 6.16 6.20 122214697 758540416.00
20240327 6.18 6.26 6.17 6.22 91630118 569269440.00
20240328 6.20 6.24 6.15 6.22 103583908 642095616.00
20240329 6.21 6.44 6.21 6.39 187779647 1195696896.00
20240401 6.39 6.40 6.29 6.36 126560818 803452480.00
20240402 6.35 6.53 6.34 6.47 167728834 1083297408.00
20240403 6.48 6.55 6.43 6.50 150004520 973713472.00
20240408 6.45 6.62 6.39 6.51 168926652 1103115648.00
20240409 6.55 6.56 6.30 6.33 172979248 1103842176.00
20240410 6.33 6.43 6.31 6.36 115077241 734530432.00
20240411 6.36 6.44 6.32 6.38 102343404 653379200.00
20240412 6.37 6.42 6.35 6.38 107597484 687048448.00
20240415 6.39 6.67 6.37 6.65 218444368 1435211392.00
20240416 6.61 6.78 6.56 6.68 223385537 1491903872.00
20240417 6.64 6.65 6.48 6.64 191095242 1258167168.00
20240418 6.56 6.64 6.50 6.54 165702864 1085443072.00
20240419 6.53 6.77 6.53 6.67 248266416 1656391040.00
20240422 6.63 6.77 6.48 6.50 220317188 1449537664.00
20240423 6.50 6.53 6.35 6.42 145852435 939154048.00
20240424 6.48 6.52 6.42 6.49 96056757 622552640.00
20240425 6.49 6.55 6.45 6.54 78423411 509715488.00
20240426 6.55 6.64 6.52 6.54 143969322 945433280.00
20240429 6.50 6.51 6.24 6.26 320187600 2016630784.00
20240430 6.26 6.42 6.24 6.35 208023985 1323323136.00
20240506 6.34 6.35 6.22 6.32 178607931 1123286400.00
20240507 6.31 6.38 6.29 6.37 123966317 786271232.00
20240508 6.36 6.48 6.34 6.42 126175777 811672512.00
20240509 6.44 6.47 6.38 6.39 121513339 779404672.00
20240510 6.40 6.44 6.38 6.40 125549135 804833792.00
20240513 6.40 6.44 6.35 6.39 111637147 715215616.00
20240514 6.39 6.41 6.34 6.37 87501820 557484352.00
20240515 6.36 6.38 6.32 6.33 60248752 382505856.00
20240516 6.34 6.36 6.25 6.30 107295515 675755776.00
20240517 6.30 6.34 6.26 6.34 94375316 595232832.00
20240520 6.33 6.45 6.31 6.41 144269592 921115520.00
20240521 6.38 6.39 6.34 6.36 91106074 579598144.00
20240522 6.36 6.42 6.34 6.41 108708406 694697600.00
20240523 6.40 6.41 6.32 6.37 101902275 646670720.00
20240524 6.36 6.47 6.32 6.42 145619152 936234752.00
20240527 6.42 6.57 6.42 6.51 128633631 839332864.00
20240528 6.52 6.66 6.51 6.59 124042057 818211648.00
20240529 6.58 6.66 6.55 6.62 97736181 646679168.00
20240530 6.60 6.66 6.52 6.54 102479248 674822464.00
20240531 6.55 6.57 6.45 6.45 104996212 683182720.00
20240603 6.40 6.49 6.36 6.40 117452580 754492864.00
20240604 6.36 6.40 6.31 6.33 124804302 791415808.00
20240605 6.34 6.37 6.25 6.26 117314628 738283392.00
20240606 6.28 6.38 6.26 6.33 149617717 946454720.00
20240607 6.35 6.37 6.26 6.29 122702198 773264256.00
20240611 6.31 6.35 6.16 6.18 191192253 1189561472.00
20240612 6.18 6.24 6.13 6.22 140089059 867456832.00
20240613 6.23 6.24 6.12 6.14 153359522 943897600.00
20240614 6.13 6.16 6.08 6.15 287543436 1757203456.00
20240617 6.10 6.11 5.98 5.99 235239552 1415293056.00
20240618 6.01 6.04 5.93 6.02 127710691 764968384.00
20240619 6.03 6.13 6.02 6.07 163112109 993000064.00
20240620 6.08 6.18 6.07 6.17 171858594 1055736192.00
20240621 6.16 6.20 6.09 6.14 169491527 1041112640.00
20240624 6.17 6.18 6.09 6.13 125780650 773302016.00
20240625 6.16 6.20 6.10 6.11 136535852 838423296.00
20240626 6.12 6.17 6.07 6.15 122673454 750880640.00
20240627 6.14 6.19 6.12 6.16 120780978 744040320.00
20240628 6.20 6.33 6.15 6.32 193602435 1210069504.00
20240701 6.30 6.42 6.29 6.39 142936241 910508608.00
20240702 6.42 6.49 6.39 6.45 157891076 1017119168.00
20240703 6.45 6.48 6.39 6.43 126983995 817041216.00
20240704 6.45 6.53 6.43 6.51 147775717 959313280.00
20240705 6.51 6.55 6.39 6.43 159438378 1029240448.00
20240708 6.42 6.52 6.40 6.50 140940307 914679360.00
20240709 6.51 6.57 6.45 6.54 139590815 909336064.00
20240710 6.52 6.59 6.41 6.42 138500612 897009344.00
20240711 6.45 6.46 6.37 6.42 141192830 905033536.00
20240712 6.43 6.50 6.39 6.40 134090233 863381696.00
20240715 6.40 6.57 6.37 6.55 169550580 1104517120.00
20240716 6.38 6.50 6.35 6.49 143831210 927743232.00
20240717 6.48 6.52 6.40 6.43 135138907 872783424.00
20240718 6.46 6.55 6.45 6.52 156377623 1017807296.00
20240719 6.52 6.56 6.40 6.50 166191671 1074863872.00
20240722 6.47 6.49 6.30 6.42 146584113 935981568.00
20240723 6.41 6.48 6.39 6.43 135414042 873051264.00
20240724 6.41 6.70 6.40 6.66 228293697 1503845248.00
20240725 6.67 6.69 6.56 6.65 194657645 1291314048.00
20240726 6.64 6.67 6.52 6.58 147621097 970512000.00
20240729 6.58 6.70 6.54 6.70 135207151 896897600.00
20240730 6.67 6.68 6.43 6.47 151769150 987287424.00
20240731 6.47 6.52 6.36 6.49 211944279 1364129408.00
20240801 6.48 6.62 6.46 6.56 131782542 865478848.00
20240802 6.53 6.61 6.46 6.59 97073758 636171904.00
20240805 6.55 6.55 6.38 6.44 146616318 946861760.00
20240806 6.46 6.50 6.40 6.44 95496076 614772800.00
20240807 6.43 6.60 6.41 6.52 109375911 714288128.00
20240808 6.55 6.59 6.49 6.50 62027618 404282944.00
20240809 6.50 6.58 6.49 6.56 66883566 438483968.00
20240812 6.56 6.65 6.53 6.57 99584700 657001088.00
20240813 6.57 6.68 6.56 6.64 93251231 617308416.00
20240814 6.63 6.67 6.59 6.65 58991417 391697824.00
20240815 6.62 6.71 6.60 6.69 81430329 543570048.00
20240816 6.70 6.76 6.64 6.68 124517577 834179712.00
20240819 6.68 6.80 6.67 6.72 115984327 778979136.00
20240820 6.70 6.71 6.60 6.66 88015965 584242816.00
20240821 6.65 6.68 6.56 6.67 72221746 478781088.00
20240822 6.65 6.79 6.62 6.74 105746163 712014976.00
20240823 6.73 6.83 6.71 6.82 97835107 663671808.00
20240826 6.85 6.92 6.79 6.89 136585649 937060864.00
20240827 6.90 7.20 6.89 7.18 205901774 1462678272.00
20240828 7.15 7.21 7.05 7.10 119407650 851153856.00
20240829 7.09 7.17 6.84 6.87 156372085 1085127040.00
20240830 6.85 6.92 6.71 6.81 180830165 1231805952.00
20240902 6.75 7.02 6.73 6.97 164561123 1140862208.00
20240903 6.95 7.00 6.62 6.67 175875914 1183594496.00
20240904 6.60 6.65 6.50 6.59 103761424 683716352.00
20240905 6.62 6.65 6.48 6.55 122228207 798674176.00
20240906 6.55 6.72 6.54 6.60 85728765 569645568.00
20240909 6.60 6.63 6.36 6.38 141548337 909117632.00
20240910 6.38 6.53 6.37 6.50 116664404 754993984.00
20240911 6.47 6.48 6.16 6.30 176713368 1107431808.00
20240912 6.29 6.35 6.24 6.33 98119005 618130432.00
20240913 6.21 6.26 6.18 6.19 99900315 621989696.00
20240918 6.21 6.44 6.21 6.39 109331331 694274240.00
20240919 6.39 6.42 6.16 6.32 131665937 824933184.00
20240920 6.30 6.46 6.30 6.38 141769491 906064000.00
20240923 6.40 6.54 6.35 6.48 85530303 552285056.00
20240924 6.57 6.77 6.50 6.76 158111820 1050096896.00
20240925 6.89 6.99 6.68 6.72 211493297 1435594880.00
20240926 6.74 6.75 6.62 6.75 191475786 1279599616.00
20240927 6.79 6.79 6.52 6.66 225603165 1489254912.00
20240930 6.69 7.12 6.68 6.96 524732523 3595929856.00
20241008 7.60 7.64 6.84 7.02 602787150 4311615488.00
20241009 7.00 7.00 6.58 6.58 355211645 2397974016.00
20241010 6.66 7.00 6.65 6.88 319840879 2192710912.00
20241011 6.91 7.01 6.68 6.75 244773968 1676097024.00
20241014 6.88 6.90 6.73 6.80 182196125 1239481600.00
20241015 6.75 6.75 6.60 6.60 178261032 1188893184.00
20241016 6.55 6.66 6.52 6.59 136315154 899849856.00
20241017 6.61 6.67 6.50 6.50 157877365 1038828544.00
20241018 6.51 6.63 6.44 6.57 196731652 1287516928.00
20241021 6.67 6.70 6.53 6.55 237685914 1567565696.00
20241022 6.55 6.62 6.53 6.60 153924210 1012842816.00
20241023 6.61 6.62 6.54 6.59 161485930 1060666752.00
20241024 6.56 6.58 6.48 6.49 144542932 942472512.00
20241025 6.49 6.49 6.43 6.45 112205589 724832256.00
20241028 6.41 6.44 6.36 6.44 153004067 977916160.00
20241029 6.32 6.33 6.22 6.23 281948483 1768824832.00
20241030 6.23 6.25 6.17 6.19 156245067 968284736.00
20241031 6.20 6.23 6.16 6.18 151855017 938685824.00
20241101 6.19 6.31 6.18 6.28 224292942 1405524608.00
20241104 6.28 6.29 6.18 6.24 167204622 1037982272.00
20241105 6.24 6.29 6.20 6.28 191059848 1195877632.00
20241106 6.27 6.36 6.25 6.28 218884820 1381191296.00
20241107 6.28 6.39 6.25 6.38 196704642 1242560384.00
20241108 6.40 6.43 6.32 6.33 187519382 1194404864.00
20241111 6.28 6.29 6.21 6.23 174981981 1090977664.00
20241112 6.20 6.26 6.18 6.18 161139846 1001109632.00
20241113 6.18 6.28 6.17 6.24 138917014 866175808.00
20241114 6.23 6.34 6.22 6.27 200456236 1261952256.00
20241115 6.26 6.38 6.24 6.32 204662984 1293378048.00
20241118 6.33 6.45 6.32 6.36 216905692 1388637184.00
20241119 6.38 6.39 6.26 6.29 178021352 1121273344.00
20241120 6.27 6.37 6.26 6.34 139359118 881622976.00
20241121 6.33 6.37 6.31 6.33 93197275 590705984.00
20241122 6.33 6.37 6.27 6.27 137277472 867142784.00
20241125 6.30 6.44 6.28 6.33 209483198 1334644736.00
20241126 6.29 6.37 6.22 6.36 139289890 879845504.00
20241127 6.36 6.38 6.32 6.38 126679424 804768000.00
20241128 6.37 6.42 6.35 6.40 115904360 740636672.00
20241129 6.41 6.43 6.36 6.36 127803439 817165504.00
20241202 6.34 6.35 6.29 6.31 160189776 1010856832.00
20241203 6.31 6.35 6.28 6.35 135805575 858062720.00
20241204 6.35 6.50 6.33 6.48 296081687 1906257408.00
20241205 6.45 6.47 6.37 6.39 126470909 811626304.00
20241206 6.37 6.45 6.37 6.41 119178142 765018752.00
20241209 6.40 6.48 6.37 6.47 131222903 846446208.00
20241210 6.52 6.55 6.44 6.44 164668708 1068303232.00
20241211 6.44 6.47 6.42 6.44 103105099 664423872.00
20241212 6.45 6.48 6.43 6.46 126065488 814091456.00
20241213 6.43 6.44 6.34 6.36 220032124 1405762304.00
20241216 6.36 6.47 6.36 6.45 166124797 1069968256.00
20241217 6.43 6.52 6.42 6.44 133820266 865021888.00
20241218 6.46 6.56 6.46 6.51 158983391 1038145664.00
20241219 6.49 6.55 6.44 6.46 123185917 798862976.00
20241220 6.47 6.48 6.38 6.38 132952415 851802304.00
20241223 6.39 6.56 6.39 6.54 255275708 1660000512.00
20241224 6.50 6.65 6.49 6.61 181170097 1196544896.00
20241225 6.61 6.76 6.61 6.76 208435657 1402001792.00
20241226 6.74 6.76 6.62 6.67 161122288 1074428416.00
20241227 6.66 6.71 6.57 6.65 132060597 875399936.00
20241230 6.62 6.74 6.62 6.72 139251589 931609728.00
20241231 6.70 6.78 6.66 6.68 170879598 1149845120.00
20250102 6.67 6.73 6.52 6.56 171978677 1136783104.00
20250103 6.58 6.65 6.54 6.57 162187313 1071128896.00
20250106 6.59 6.61 6.47 6.56 129469608 845595904.00
20250107 6.55 6.56 6.48 6.53 92531467 602887552.00
20250108 6.53 6.70 6.52 6.58 159276680 1051268800.00
20250109 6.53 6.55 6.39 6.41 172834136 1113004032.00
20250110 6.42 6.45 6.29 6.29 156583816 993751808.00
20250113 6.32 6.35 6.16 6.21 156714198 975742272.00
20250114 6.21 6.27 6.17 6.26 134719766 839783488.00
20250115 6.24 6.38 6.23 6.26 137381771 864286912.00
20250116 6.30 6.34 6.25 6.28 117598435 739740864.00
20250117 6.26 6.29 6.21 6.22 108355886 676244480.00
20250120 6.24 6.25 6.16 6.17 142035405 878570816.00
20250121 6.18 6.19 6.06 6.07 177952934 1085654656.00
20250122 6.05 6.08 6.00 6.00 126871314 764092480.00
20250123 6.02 6.08 6.01 6.03 134814670 814651136.00
20250124 6.03 6.07 6.00 6.04 107529468 650074112.00
20250127 6.05 6.10 6.05 6.08 131362783 797303232.00
20250205 6.09 6.10 6.00 6.02 131663139 792570688.00
20250206 6.03 6.09 6.02 6.09 103993507 629429760.00
20250207 6.08 6.13 6.05 6.11 147852336 900717056.00
20250210 6.10 6.13 6.08 6.11 124406902 760329984.00
20250211 6.12 6.16 6.09 6.11 119112534 729128000.00
20250212 6.11 6.13 6.07 6.10 117835995 718121088.00
20250213 6.10 6.11 6.07 6.07 126894210 771891328.00
20250214 6.08 6.09 6.03 6.07 143300989 867531968.00
20250217 6.07 6.08 6.02 6.04 143310806 865398208.00
20250218 6.03 6.06 6.00 6.01 183864883 1107900672.00
20250219 6.01 6.01 5.90 5.92 283686840 1684514560.00
20250220 5.92 5.95 5.90 5.91 136551273 808706240.00
20250221 5.92 5.94 5.89 5.91 124865575 738016064.00
20250224 5.90 5.91 5.87 5.88 134193900 789453248.00
20250225 5.87 5.90 5.81 5.82 149208209 873514368.00
20250226 5.80 5.84 5.73 5.79 186769457 1079382016.00
20250227 5.79 5.84 5.75 5.84 184045467 1067506304.00
20250228 5.82 5.88 5.78 5.78 179805187 1049575232.00
20250303 5.78 5.81 5.73 5.74 159040534 915774464.00
20250304 5.72 5.73 5.65 5.66 148210060 839766784.00
20250305 5.66 5.70 5.63 5.68 124452618 705217344.00
20250306 5.66 5.70 5.65 5.69 124714581 708244608.00
20250307 5.69 5.76 5.68 5.73 130306153 746652672.00
20250310 5.73 5.74 5.67 5.69 96825754 551469760.00
20250311 5.66 5.70 5.66 5.70 97164213 551601472.00
20250312 5.69 5.70 5.66 5.66 107272000 608562368.00
20250313 5.67 5.75 5.67 5.73 179181212 1024449152.00
20250314 5.72 5.81 5.71 5.80 199746701 1152074624.00
20250317 5.82 5.87 5.82 5.85 140706474 822836544.00
20250318 5.85 5.86 5.81 5.82 88784201 517652608.00
20250319 5.81 5.85 5.80 5.85 74744209 436145120.00
20250320 5.84 5.87 5.83 5.86 99858341 585003072.00
20250321 5.86 5.93 5.81 5.81 153058289 899008896.00
20250324 5.76 5.79 5.70 5.73 175742456 1006911680.00
20250325 5.75 5.78 5.74 5.77 110156120 635016128.00
20250326 5.77 5.80 5.74 5.76 112424472 649033024.00
20250327 5.77 5.84 5.77 5.83 122256906 711336704.00
20250328 5.84 5.84 5.76 5.77 87796120 508107072.00
20250331 5.78 5.82 5.72 5.73 126673418 730735360.00
20250401 5.75 5.78 5.71 5.73 108575423 622968704.00
20250402 5.73 5.76 5.72 5.75 78806985 452404032.00
20250403 5.71 5.79 5.71 5.78 111757087 643880640.00
20250407 5.63 5.63 5.25 5.38 388042554 2097409536.00
20250408 5.42 5.68 5.41 5.67 339001591 1884665472.00
20250409 5.65 5.67 5.52 5.63 207901445 1162262528.00
20250410 5.67 5.68 5.56 5.59 168645059 943253312.00
20250411 5.59 5.59 5.52 5.56 115225544 639725440.00
20250414 5.56 5.62 5.55 5.61 127403489 711248448.00
20250415 5.59 5.65 5.58 5.65 128710686 723244800.00
20250416 5.63 5.74 5.62 5.73 150243226 851872128.00
20250417 5.73 5.73 5.66 5.73 100159798 570269440.00
20250418 5.71 5.75 5.69 5.73 72774302 416899488.00
20250421 5.71 5.74 5.65 5.66 109499616 622698624.00
20250422 5.66 5.73 5.65 5.69 102404340 583972224.00
20250423 5.72 5.72 5.67 5.68 75735469 430762144.00
20250424 5.67 5.71 5.67 5.70 77287467 439913184.00
20250425 5.70 5.71 5.66 5.68 75293856 427665792.00
20250428 5.68 5.73 5.65 5.71 101498737 578685056.00
20250429 5.68 5.71 5.63 5.63 114049876 645312512.00
20250430 5.64 5.67 5.61 5.66 85032203 479927840.00
20250506 5.67 5.67 5.62 5.64 102875950 579912576.00
20250507 5.69 5.71 5.64 5.71 146633258 833416128.00
20250508 5.69 5.73 5.67 5.69 74485958 424239232.00
20250509 5.69 5.72 5.68 5.69 77589229 442121184.00
20250512 5.70 5.72 5.68 5.70 71792492 409738976.00
20250513 5.72 5.75 5.71 5.73 106926632 612761536.00
20250514 5.74 5.83 5.72 5.83 157181729 909405056.00
20250515 5.82 5.85 5.78 5.78 101816814 591101760.00
20250516 5.78 5.79 5.65 5.66 177436068 1009782720.00
20250519 5.67 5.71 5.66 5.68 75256958 427920800.00
20250520 5.69 5.70 5.66 5.67 61297412 348084288.00
20250521 5.68 5.75 5.68 5.71 118003241 675362112.00
20250522 5.71 5.78 5.69 5.78 137971663 793533952.00
20250523 5.77 5.80 5.69 5.69 112996974 648065344.00
20250526 5.69 5.73 5.67 5.68 89065961 507315392.00
20250527 5.69 5.72 5.68 5.68 65958132 375903680.00
20250528 5.69 5.80 5.69 5.79 166227593 958311104.00
20250529 5.79 5.81 5.73 5.73 112245865 646436416.00
20250530 5.73 5.80 5.72 5.78 121940620 702613056.00
20250603 5.78 5.79 5.73 5.75 95018610 546551808.00
20250604 5.75 5.78 5.74 5.76 69972152 402967040.00
20250605 5.75 5.77 5.71 5.72 99519727 569876032.00
20250606 5.73 5.76 5.71 5.75 84544104 485481152.00
20250609 5.76 5.77 5.73 5.76 79071162 454453600.00
20250610 5.76 5.79 5.73 5.75 104333812 601450560.00
20250611 5.75 5.88 5.74 5.87 235635718 1374779904.00
20250612 5.87 5.91 5.81 5.89 159278192 935366208.00
20250613 5.95 5.99 5.90 5.93 192690158 1144354560.00
20250616 5.95 5.96 5.87 5.91 195747331 1158739584.00
20250617 5.91 6.02 5.90 5.96 250770753 1496215296.00
20250618 5.87 5.88 5.76 5.76 183268746 1063286464.00
20250619 5.77 5.85 5.70 5.84 210279018 1216775168.00
20250620 5.83 5.86 5.75 5.75 182528779 1057342208.00
20250623 5.81 5.83 5.67 5.71 215761708 1233195776.00
20250624 5.66 5.72 5.56 5.67 209694894 1186443648.00
20250625 5.65 5.69 5.62 5.68 148293001 837897536.00
20250626 5.68 5.72 5.66 5.71 116040255 661721536.00
20250627 5.71 5.71 5.64 5.66 127288456 721978368.00
20250630 5.66 5.67 5.63 5.64 97703179 551195968.00
20250701 5.64 5.68 5.62 5.66 87544040 495158112.00
20250702 5.67 5.70 5.66 5.69 110109984 625781184.00
20250703 5.70 5.71 5.64 5.66 124725734 705784768.00
20250704 5.66 5.69 5.65 5.68 113433306 643418176.00
20250707 5.67 5.67 5.63 5.65 88986744 502404544.00
20250708 5.66 5.69 5.64 5.68 100850927 571252352.00
20250709 5.68 5.73 5.67 5.68 135271858 771718912.00
20250710 5.69 5.78 5.69 5.76 225011608 1292456448.00
20250711 5.77 5.85 5.71 5.71 265997415 1538956032.00
20250714 5.73 5.80 5.73 5.77 140146982 810106816.00
20250715 5.76 5.79 5.72 5.76 109590333 630776128.00
20250716 5.76 5.79 5.74 5.76 76287429 439786816.00
20250717 5.76 5.77 5.72 5.73 93167056 534974016.00
20250718 5.75 5.83 5.74 5.82 147229551 853299648.00
20250721 5.81 5.94 5.80 5.92 204451701 1204476416.00
20250722 5.92 6.05 5.91 6.03 276282828 1655625600.00
20250723 6.06 6.08 6.01 6.02 220758883 1335328256.00
20250724 6.02 6.04 5.96 5.98 180612845 1081886464.00
20250725 5.98 6.08 5.96 5.96 165650097 996289152.00
20250728 5.96 5.97 5.87 5.88 140310308 827279744.00
20250729 5.87 5.93 5.86 5.90 100202208 590969152.00
20250730 5.92 6.05 5.91 6.01 156049278 935561920.00
20250731 6.04 6.06 5.90 6.01 182390721 1087468032.00
20250801 5.91 5.93 5.67 5.69 408484171 2351547648.00
20250804 5.66 5.67 5.60 5.65 166090318 936143808.00
20250805 5.65 5.72 5.65 5.71 123519813 702668928.00
20250806 5.70 5.73 5.68 5.71 99592089 568379072.00
20250807 5.71 5.74 5.68 5.73 108643433 620530688.00
20250808 5.72 5.79 5.71 5.74 99553893 572763456.00
20250811 5.74 5.76 5.68 5.68 121133853 690292288.00
20250812 5.68 5.79 5.68 5.76 152238050 875920384.00
20250813 5.74 5.77 5.71 5.72 103922284 596029440.00
20250814 5.73 5.76 5.68 5.69 101427356 580142016.00
20250815 5.69 5.70 5.65 5.68 131995669 749489536.00
20250818 5.69 5.71 5.67 5.68 138623096 787842240.00
20250819 5.69 5.69 5.66 5.67 90513095 513756256.00
20250820 5.67 5.73 5.64 5.72 142599355 810923392.00
20250821 5.72 5.87 5.71 5.86 292798368 1703905408.00
20250825 5.83 5.83 5.83 5.83 0 0.00
#:
