20210802 8.15 8.30 8.10 8.24 46461013 381134112.00
20210803 8.16 8.22 8.05 8.09 42484757 345382688.00
20210804 8.04 8.15 8.04 8.15 26381864 213846304.00
20210805 8.10 8.12 8.05 8.07 23555519 190395104.00
20210806 8.05 8.18 8.02 8.12 38937314 315458176.00
20210809 7.90 8.05 7.81 8.04 46075157 364995744.00
20210810 7.98 8.05 7.96 8.05 22726422 182172496.00
20210811 8.04 8.18 8.02 8.14 35084864 285070848.00
20210812 8.19 8.42 8.18 8.30 89466748 742947840.00
20210813 8.25 8.35 8.20 8.27 57021073 471016800.00
20210816 8.40 8.47 8.19 8.22 75560311 628410560.00
20210817 8.23 8.35 8.16 8.22 59459977 490252800.00
20210818 8.16 8.21 8.11 8.19 42875805 349872352.00
20210819 8.13 8.23 8.04 8.08 53871231 436642080.00
20210820 8.06 8.16 8.01 8.16 46147804 373487456.00
20210823 8.13 8.30 8.09 8.27 46726421 384585632.00
20210824 8.32 8.45 8.28 8.39 61513721 514285600.00
20210825 8.37 8.44 8.26 8.42 52400655 438060576.00
20210826 8.39 8.70 8.37 8.56 87770944 752566080.00
20210827 8.59 8.84 8.57 8.82 81144360 707387392.00
20210830 8.95 9.01 8.72 8.86 87252916 771952320.00
20210831 8.69 8.75 8.51 8.74 84586871 729761408.00
20210901 8.68 8.91 8.53 8.67 79380614 691381056.00
20210902 8.64 8.84 8.60 8.76 73404378 640150144.00
20210903 8.72 9.09 8.67 8.89 96632917 860526272.00
20210906 8.98 9.01 8.75 8.87 65472617 579753984.00
20210907 8.84 8.92 8.75 8.87 59043993 522354944.00
20210908 8.77 9.04 8.68 8.99 91660993 815336960.00
20210909 8.90 9.31 8.84 9.20 123827487 1126411520.00
20210910 9.15 9.59 9.12 9.26 117784297 1103668992.00
20210913 9.38 9.93 9.20 9.73 155018096 1479353728.00
20210914 9.60 9.60 9.18 9.19 102499744 962488128.00
20210915 9.21 9.46 9.20 9.31 70609421 659669120.00
20210916 9.29 9.53 9.10 9.10 87263447 814318336.00
20210917 8.91 9.07 8.60 8.78 96450879 849571584.00
20210922 8.68 8.90 8.66 8.85 46618107 410120800.00
20210923 8.80 8.90 8.70 8.76 52055427 457425120.00
20210924 8.65 8.76 8.46 8.48 74193492 636138816.00
20210927 8.50 8.51 8.20 8.34 48338185 403114080.00
20210928 8.30 8.38 8.27 8.32 29001268 241436208.00
20210929 8.27 8.52 8.23 8.39 58888012 495530688.00
20210930 8.30 8.41 8.30 8.37 30732597 256833120.00
20211008 8.44 8.54 8.40 8.50 33098588 280436416.00
20211011 8.47 8.71 8.47 8.62 44667658 384874400.00
20211012 8.58 8.58 8.40 8.49 32896127 279111936.00
20211013 8.48 8.48 8.35 8.44 19788053 166353024.00
20211014 8.62 8.90 8.62 8.71 71496687 625514368.00
20211015 8.66 8.87 8.64 8.68 48904837 427472512.00
20211018 8.62 8.80 8.51 8.75 38984206 338368672.00
20211019 8.71 8.98 8.63 8.94 56115934 495362144.00
20211020 8.80 8.84 8.68 8.76 39014382 341086176.00
20211021 8.83 8.95 8.73 8.78 46897644 414798880.00
20211022 8.73 8.78 8.60 8.66 37729627 326823744.00
20211025 8.65 8.72 8.52 8.70 30133403 259882336.00
20211026 8.72 8.78 8.61 8.67 23969976 208247248.00
20211027 8.56 8.58 8.35 8.40 36748300 310409920.00
20211028 8.41 8.41 8.25 8.29 33735378 280005056.00
20211029 8.30 8.34 8.25 8.32 21654599 179811024.00
20211101 8.31 8.37 8.25 8.28 26916388 223386768.00
20211102 8.31 8.64 8.21 8.52 58336062 491355424.00
20211103 8.38 8.47 8.33 8.44 27781864 233264592.00
20211104 8.37 8.41 8.32 8.35 26428919 220821008.00
20211105 8.41 8.52 8.36 8.40 31862799 268716544.00
20211108 8.57 8.63 8.45 8.56 38238271 326933632.00
20211109 8.57 8.62 8.48 8.55 24688033 210471648.00
20211110 8.58 8.69 8.53 8.58 32906142 283013056.00
20211111 8.73 8.78 8.60 8.73 57084253 496530656.00
20211112 8.72 8.83 8.62 8.67 43384952 377533696.00
20211115 8.64 8.71 8.55 8.58 30538377 262565888.00
20211116 8.59 8.63 8.48 8.52 26377512 225753984.00
20211117 8.42 8.46 8.38 8.46 27272934 229798288.00
20211118 8.50 8.52 8.44 8.45 19367680 164160160.00
20211119 8.44 8.48 8.39 8.47 19680819 166085184.00
20211122 8.41 8.46 8.39 8.45 23275467 196100160.00
20211123 8.36 8.49 8.35 8.46 25765333 217562848.00
20211124 8.42 8.44 8.37 8.40 28377780 238252160.00
20211125 8.40 8.45 8.39 8.44 20042816 168859728.00
20211126 8.43 8.44 8.37 8.43 20273084 170353328.00
20211129 8.42 8.42 8.27 8.29 39041731 325078176.00
20211130 8.26 8.34 8.25 8.33 30361574 252006208.00
20211201 8.28 8.33 8.24 8.31 29845327 247014656.00
20211202 8.30 8.33 8.26 8.28 23494538 194691024.00
20211203 8.27 8.31 8.24 8.30 20714687 171368944.00
20211206 8.32 8.35 8.28 8.30 25557146 212646368.00
20211207 8.31 8.33 8.27 8.33 20921059 173599024.00
20211208 8.33 8.40 8.31 8.39 27691192 231827952.00
20211209 8.35 8.43 8.35 8.41 30307648 254282768.00
20211210 8.35 8.38 8.16 8.16 67040046 555747968.00
20211213 8.24 8.30 8.20 8.29 33853472 279326240.00
20211214 8.24 8.29 8.22 8.26 17760797 146476288.00
20211215 8.22 8.25 8.20 8.23 23834623 195857200.00
20211216 8.24 8.29 8.23 8.26 25292593 208694944.00
20211217 8.35 8.35 8.28 8.31 34430776 286248192.00
20211220 8.26 8.28 8.21 8.23 25099671 206848320.00
20211221 8.21 8.27 8.20 8.26 21722690 178930896.00
20211222 8.25 8.27 8.23 8.25 18579252 153206640.00
20211223 8.26 8.28 8.24 8.26 22113578 182714896.00
20211224 8.27 8.28 8.20 8.25 23771372 195578224.00
20211227 8.25 8.25 8.21 8.23 18009066 148141472.00
20211228 8.24 8.25 8.19 8.24 18286393 150367632.00
20211229 8.21 8.23 8.20 8.21 15992348 131309304.00
20211230 8.20 8.22 8.17 8.19 26065318 213688016.00
20211231 8.22 8.24 8.19 8.23 22819907 187533632.00
20220104 8.20 8.29 8.20 8.27 32169177 265423968.00
20220105 8.27 8.34 8.25 8.29 35794768 297014464.00
20220106 8.29 8.29 8.24 8.26 20273618 167489632.00
20220107 8.24 8.31 8.24 8.29 25547754 211453632.00
20220110 8.28 8.33 8.27 8.33 23732418 197290704.00
20220111 8.32 8.36 8.29 8.34 24770061 206371424.00
20220112 8.37 8.38 8.31 8.36 27874167 232681168.00
20220113 8.36 8.48 8.35 8.37 46556159 392187648.00
20220114 8.35 8.36 8.26 8.28 29752666 246791760.00
20220117 8.24 8.27 8.22 8.24 20960439 172828336.00
20220118 8.25 8.28 8.22 8.25 17785259 146675552.00
20220119 8.23 8.27 8.22 8.26 19227926 158407904.00
20220120 8.34 8.44 8.32 8.32 44122825 369217952.00
20220121 8.25 8.31 8.24 8.29 21722936 179880560.00
20220124 8.27 8.27 8.22 8.24 19155040 157791664.00
20220125 8.27 8.49 8.27 8.47 110303684 927923328.00
20220126 8.38 8.49 8.25 8.41 72064223 603486528.00
20220127 8.26 8.29 7.85 7.87 99571070 797215616.00
20220128 7.82 7.99 7.69 7.91 44177178 345991392.00
20220207 7.98 8.02 7.91 7.98 23902580 190517040.00
20220208 7.99 8.08 7.98 8.07 26102712 209579520.00
20220209 8.08 8.15 8.06 8.13 26325973 213688704.00
20220210 8.16 8.22 8.10 8.18 35667879 291062016.00
20220211 8.10 8.16 8.05 8.07 26046605 210908640.00
20220214 8.19 8.38 8.18 8.20 63548235 525452480.00
20220215 8.30 8.34 8.20 8.25 36694691 303143232.00
20220216 8.06 8.14 7.95 8.13 39692321 320101152.00
20220217 8.16 8.45 8.12 8.41 82676708 686588096.00
20220218 8.51 8.54 8.27 8.34 64982806 542395776.00
20220221 8.33 8.40 8.28 8.31 36002383 299769184.00
20220222 8.42 8.62 8.42 8.58 123364518 1051611264.00
20220223 8.44 8.44 8.31 8.33 72556113 605477888.00
20220224 8.39 9.15 8.34 9.00 255077239 2257792512.00
20220225 8.57 8.85 8.52 8.70 156287877 1355111808.00
20220228 8.74 8.99 8.64 8.74 119260263 1048698752.00
20220301 8.64 8.73 8.55 8.68 84836685 731497024.00
20220302 8.81 8.88 8.66 8.71 73723744 644036352.00
20220303 8.62 8.75 8.61 8.72 66209742 575733120.00
20220304 8.75 8.77 8.52 8.55 63659443 549444608.00
20220307 8.76 8.91 8.63 8.67 122296505 1073645824.00
20220308 8.57 8.72 8.34 8.72 95136273 816449664.00
20220309 8.80 8.99 8.57 8.75 158889038 1398848640.00
20220310 8.40 8.67 8.36 8.59 91579421 782977472.00
20220311 8.53 8.60 8.25 8.47 83603810 705369024.00
20220314 8.35 8.55 8.27 8.29 55925821 470643456.00
20220315 8.18 8.19 7.46 7.50 125588068 976609728.00
20220316 7.54 7.59 7.19 7.56 75528190 558733440.00
20220317 7.59 7.76 7.53 7.65 53887339 412555104.00
20220318 7.65 7.74 7.57 7.72 47993825 367739456.00
20220321 7.65 7.84 7.64 7.79 43403147 335953408.00
20220322 7.75 7.96 7.72 7.90 50174102 394858624.00
20220323 7.81 7.89 7.79 7.84 27070660 212166528.00
20220324 7.91 8.09 7.87 8.01 52976413 421992544.00
20220325 8.00 8.25 7.99 8.01 65911425 535599744.00
20220328 8.00 8.21 7.88 8.06 56397580 456203552.00
20220329 7.95 8.12 7.92 8.01 32016850 257261744.00
20220330 7.95 7.99 7.85 7.98 38316260 303222720.00
20220331 7.94 7.96 7.86 7.89 34827087 275541280.00
20220401 7.89 7.92 7.83 7.92 28026804 220749264.00
20220406 7.85 7.97 7.84 7.95 29213546 231173440.00
20220407 7.91 7.97 7.79 7.80 28875411 227014704.00
20220408 7.82 8.25 7.82 8.17 96259037 778825920.00
20220411 8.18 8.43 8.15 8.21 94856785 787458112.00
20220412 8.21 8.35 8.09 8.30 53213419 438599392.00
20220413 8.38 8.49 8.30 8.38 61507979 516974592.00
20220414 8.36 8.52 8.28 8.44 60316339 509251200.00
20220415 8.36 8.45 8.19 8.27 53398648 443906496.00
20220418 8.35 8.38 8.21 8.31 34953570 289526528.00
20220419 8.20 8.35 8.18 8.29 29770514 245687968.00
20220420 8.15 8.25 7.95 7.96 46094640 372328672.00
20220421 7.91 7.94 7.58 7.63 53952203 417264512.00
20220422 7.61 7.65 7.41 7.55 51993062 390975904.00
20220425 7.39 7.42 7.10 7.11 64613057 469058336.00
20220426 7.11 7.12 6.80 6.86 50430278 352332128.00
20220427 6.80 7.02 6.72 7.01 38715222 266937568.00
20220428 6.94 6.96 6.75 6.86 49216309 337240448.00
20220429 6.91 7.24 6.91 7.22 49476777 351255872.00
20220505 7.15 7.27 7.11 7.22 32468203 233971280.00
20220506 7.06 7.09 6.97 7.04 32247845 226846880.00
20220509 7.00 7.12 6.98 7.09 21162678 149332096.00
20220510 7.01 7.12 6.94 7.12 22304757 157193664.00
20220511 7.06 7.15 7.03 7.10 39754137 282080544.00
20220512 7.08 7.10 7.00 7.05 24987202 176132192.00
20220513 7.01 7.09 7.01 7.08 20247260 142894576.00
20220516 7.08 7.10 7.04 7.05 18976155 134000040.00
20220517 7.08 7.09 7.02 7.08 17926163 126546336.00
20220518 7.05 7.07 7.00 7.03 20058338 141031648.00
20220519 6.99 7.03 6.94 7.03 17565727 122571720.00
20220520 7.09 7.14 7.07 7.14 30832717 219162592.00
20220523 7.13 7.25 7.12 7.24 29748996 214460448.00
20220524 7.22 7.25 7.03 7.03 31143132 222075344.00
20220525 7.08 7.23 7.07 7.13 31653687 226206448.00
20220526 7.10 7.16 7.06 7.14 20469613 145518512.00
20220527 7.15 7.19 7.10 7.14 21635061 154710240.00
20220530 7.14 7.19 7.12 7.18 19355258 138538656.00
20220531 7.15 7.18 7.08 7.18 23456017 167370512.00
20220601 7.14 7.15 7.07 7.12 26478368 188295760.00
20220602 7.10 7.19 7.10 7.18 25137875 179525568.00
20220606 7.17 7.25 7.14 7.23 30504196 220041600.00
20220607 7.21 7.27 7.19 7.27 32690387 236624672.00
20220608 7.27 7.32 7.20 7.30 30577286 222267600.00
20220609 7.28 7.46 7.24 7.39 46478399 341011296.00
20220610 7.29 7.37 7.26 7.36 34398272 252000864.00
20220613 7.45 7.62 7.41 7.47 63007846 472655488.00
20220614 7.31 7.45 7.26 7.43 41172368 301877024.00
20220615 7.36 7.59 7.35 7.53 52965966 396760000.00
20220616 7.53 7.61 7.47 7.48 38585978 290179232.00
20220617 7.55 7.74 7.54 7.61 72364595 552229760.00
20220620 7.57 7.66 7.49 7.57 38438599 290455872.00
20220621 7.52 7.55 7.36 7.43 31491290 235022272.00
20220622 7.42 7.45 7.35 7.38 22602505 167150336.00
20220623 7.36 7.47 7.35 7.43 21646145 160338080.00
20220624 7.38 7.44 7.35 7.41 21337987 157784224.00
20220627 7.47 7.56 7.44 7.52 34982697 262313856.00
20220628 7.50 7.53 7.42 7.52 26465960 198148480.00
20220629 7.53 7.53 7.39 7.40 28536038 212446560.00
20220630 7.41 7.43 7.38 7.39 25386243 187842288.00
20220701 7.37 7.39 7.27 7.29 33687712 246002656.00
20220704 7.32 7.38 7.29 7.37 18952315 139141248.00
20220705 7.37 7.40 7.31 7.36 18113420 133268904.00
20220706 7.29 7.29 7.16 7.19 28686832 207371344.00
20220707 7.16 7.27 7.16 7.25 17844838 129149736.00
20220708 7.12 7.12 7.06 7.08 21798010 154531552.00
20220711 7.06 7.08 7.00 7.01 16488314 115746288.00
20220712 7.02 7.03 6.98 7.02 13648363 95596448.00
20220713 6.98 7.03 6.97 7.02 16186887 113443592.00
20220714 7.02 7.10 7.00 7.07 16438232 115778232.00
20220715 7.02 7.03 6.91 6.92 20384980 142077872.00
20220718 6.91 7.03 6.91 7.03 16496668 115405392.00
20220719 7.01 7.05 7.00 7.04 13428118 94381704.00
20220720 7.06 7.10 7.04 7.09 18070085 127857248.00
20220721 7.07 7.15 7.04 7.08 19404869 137730400.00
20220722 7.12 7.14 7.02 7.06 17437270 123412160.00
20220725 7.06 7.15 7.05 7.10 19957809 141945312.00
20220726 7.09 7.13 7.07 7.11 13999420 99385232.00
20220727 7.08 7.14 7.08 7.14 15236046 108510272.00
20220728 7.17 7.26 7.15 7.17 26647344 191740176.00
20220729 7.24 7.27 7.18 7.24 27895596 201406688.00
20220801 7.24 7.26 7.17 7.18 20708912 149288416.00
20220802 7.25 7.38 7.19 7.26 73487984 534725216.00
20220803 7.05 7.24 7.02 7.11 50859648 362825920.00
20220804 7.07 7.13 7.03 7.08 26634435 188414576.00
20220805 7.12 7.34 7.12 7.32 61104610 443105920.00
20220808 7.26 7.30 7.21 7.29 24035694 174449136.00
20220809 7.28 7.32 7.25 7.30 21218413 154670720.00
20220810 7.29 7.53 7.28 7.46 58761866 438108000.00
20220811 7.40 7.46 7.35 7.37 42823028 316049408.00
20220812 7.36 7.51 7.33 7.43 35891909 266923392.00
20220815 7.45 7.48 7.40 7.42 22326142 165929696.00
20220816 7.36 7.40 7.34 7.35 24332481 179194144.00
20220817 7.36 7.42 7.31 7.39 19308286 141984768.00
20220818 7.35 7.37 7.25 7.27 21851195 159292112.00
20220819 7.25 7.28 7.20 7.21 18668766 135115408.00
20220822 7.19 7.27 7.14 7.24 18338158 132191576.00
20220823 7.24 7.24 7.18 7.21 15390378 110856704.00
20220824 7.22 7.26 7.12 7.13 23945492 171889872.00
20220825 7.15 7.28 7.13 7.26 25463345 183429408.00
20220826 7.25 7.28 7.22 7.27 17524913 127139024.00
20220829 7.22 7.45 7.18 7.43 42157721 309892000.00
20220830 7.44 7.54 7.43 7.45 36617576 273810368.00
20220831 7.43 7.49 7.33 7.36 29186312 215606288.00
20220901 7.33 7.39 7.28 7.32 20477676 150201696.00
20220902 7.32 7.35 7.24 7.29 17776979 129258144.00
20220905 7.30 7.43 7.29 7.42 23735062 175157280.00
20220906 7.43 7.54 7.42 7.52 32716827 245391792.00
20220907 7.47 7.53 7.45 7.51 22126444 165708384.00
20220908 7.56 7.76 7.50 7.69 54593985 418272576.00
20220909 7.65 7.83 7.63 7.78 48553114 377280704.00
20220913 7.79 7.94 7.79 7.82 39291647 308892608.00
20220914 7.72 7.74 7.63 7.66 35169957 270090368.00
20220915 7.65 7.69 7.47 7.52 35828559 270872704.00
20220916 7.44 7.50 7.22 7.23 39961870 292845408.00
20220919 7.26 7.33 7.20 7.23 28947669 210646592.00
20220920 7.29 7.43 7.26 7.35 21616528 158738224.00
20220921 7.30 7.51 7.24 7.46 23741019 174899552.00
20220922 7.38 7.85 7.33 7.66 53471957 410879680.00
20220923 7.64 7.72 7.52 7.61 28012712 213310768.00
20220926 7.40 7.42 7.23 7.25 39286607 287746560.00
20220927 7.26 7.33 7.13 7.29 28696160 206837696.00
20220928 7.23 7.27 7.10 7.11 21770036 156146096.00
20220929 7.23 7.28 7.17 7.21 25758188 186349888.00
20220930 7.21 7.40 7.19 7.39 26933164 197575168.00
20221010 7.39 7.47 7.28 7.31 27401686 202281520.00
20221011 7.25 7.32 7.18 7.30 17300845 125522288.00
20221012 7.26 7.46 7.23 7.43 22772092 167312784.00
20221013 7.36 7.44 7.31 7.41 19736382 145574688.00
20221014 7.38 7.50 7.35 7.49 23205144 173165168.00
20221017 7.40 7.47 7.37 7.45 17854991 132575264.00
20221018 7.45 7.50 7.33 7.48 24807740 184113760.00
20221019 7.44 7.44 7.28 7.29 20041274 147387056.00
20221020 7.22 7.32 7.20 7.26 16186087 117301952.00
20221021 7.24 7.29 7.20 7.23 14151302 102502296.00
20221024 7.28 7.59 7.26 7.41 60058711 446978368.00
20221025 7.41 7.42 7.26 7.27 32658272 238713328.00
20221026 7.29 7.50 7.27 7.49 28863206 213476448.00
20221027 7.49 7.76 7.49 7.61 47675941 364988064.00
20221028 7.60 7.74 7.49 7.52 44568689 339176032.00
20221031 7.44 7.49 7.35 7.45 28693094 213117440.00
20221101 7.42 7.60 7.40 7.60 24874838 187086208.00
20221102 7.60 7.72 7.56 7.68 31158820 238606976.00
20221103 7.58 7.71 7.55 7.68 25951984 197960704.00
20221104 7.68 7.74 7.62 7.70 26222010 201499776.00
20221107 7.85 7.90 7.77 7.78 38907178 304666528.00
20221108 7.78 8.05 7.75 7.90 52241152 415537472.00
20221109 8.15 8.25 8.00 8.04 77296370 629899968.00
20221110 8.00 8.09 7.91 7.99 30331300 242283104.00
20221111 8.28 8.49 8.20 8.20 78278759 652734528.00
20221114 8.30 8.33 7.93 8.02 46907704 379382368.00
20221115 8.01 8.07 7.95 7.99 29107045 232827040.00
20221116 8.00 8.15 7.94 8.02 39825033 320763040.00
20221117 7.99 7.99 7.84 7.94 24127421 190919744.00
20221118 7.91 7.93 7.82 7.83 19791744 155788304.00
20221121 7.78 7.84 7.73 7.80 21107637 164179184.00
20221122 7.81 7.90 7.77 7.79 20955187 163933808.00
20221123 7.80 7.87 7.76 7.81 19249295 150478160.00
20221124 7.88 7.99 7.86 7.91 33779101 267681056.00
20221125 7.90 8.23 7.85 8.10 51086575 413480448.00
20221128 8.04 8.16 7.95 8.10 37814878 304999968.00
20221129 8.00 8.12 8.00 8.11 30810660 248803552.00
20221130 8.09 8.13 8.04 8.07 21928991 177044304.00
20221201 8.20 8.25 8.12 8.19 41378526 338533504.00
20221202 8.30 8.32 8.03 8.09 47139587 384161728.00
20221205 8.09 8.22 8.07 8.16 40505622 330377472.00
20221206 8.07 8.12 8.02 8.11 26288348 212342160.00
20221207 8.08 8.12 8.01 8.05 26442340 213254784.00
20221208 8.06 8.14 8.06 8.11 26512138 214971392.00
20221209 8.14 8.24 8.05 8.24 56933917 464389280.00
20221212 8.15 8.19 7.83 7.87 52817889 419564448.00
20221213 7.84 7.97 7.83 7.96 26404177 208728416.00
20221214 8.01 8.09 7.98 8.02 29455236 236941424.00
20221215 8.00 8.00 7.78 7.83 25650098 201367088.00
20221216 7.77 7.83 7.74 7.80 16853642 131038144.00
20221219 7.82 7.87 7.69 7.73 20951409 162993568.00
20221220 7.70 7.76 7.62 7.68 14409052 110719328.00
20221221 7.86 7.91 7.70 7.77 21870200 170888736.00
20221222 7.77 7.81 7.61 7.64 18203370 140320816.00
20221223 7.55 7.67 7.52 7.59 16262031 123295464.00
20221226 7.56 7.64 7.56 7.61 11452818 87155160.00
20221227 7.65 7.76 7.62 7.73 14602503 112520088.00
20221228 7.72 7.88 7.71 7.85 28528505 223456352.00
20221229 7.79 8.10 7.79 8.05 40210407 322011392.00
20221230 8.07 8.33 8.06 8.19 42460180 348691840.00
20230103 8.20 8.45 8.13 8.41 49130561 409474112.00
20230104 8.40 8.48 8.30 8.34 40799404 342169984.00
20230105 8.39 8.49 8.22 8.24 38797228 322736608.00
20230106 8.21 8.37 8.20 8.22 27318683 225899424.00
20230109 8.37 8.50 8.35 8.41 53876294 454216480.00
20230110 8.42 8.68 8.38 8.64 60926048 523511392.00
20230111 8.61 8.77 8.50 8.55 39331360 337961088.00
20230112 8.56 8.61 8.47 8.49 19495902 166180320.00
20230113 8.66 8.68 8.52 8.58 23293244 199785936.00
20230116 8.68 8.77 8.55 8.57 41932774 362632160.00
20230117 8.55 8.57 8.39 8.49 25477560 216008384.00
20230118 8.45 8.53 8.44 8.51 21139726 179489184.00
20230119 8.45 8.54 8.40 8.47 25484386 215586400.00
20230120 8.56 8.76 8.53 8.70 38795620 336639712.00
20230130 8.70 8.78 8.55 8.66 41185855 357318656.00
20230131 8.62 8.77 8.60 8.64 33837990 293696544.00
20230201 8.66 9.04 8.66 8.86 63851064 568221504.00
20230202 8.97 9.04 8.85 8.97 60633644 543690560.00
20230203 8.90 8.90 8.66 8.80 43724657 382583264.00
20230206 8.59 8.59 8.41 8.57 49126484 417190368.00
20230207 8.57 8.64 8.53 8.62 25208249 216434016.00
20230208 8.64 8.67 8.48 8.49 27142830 232413904.00
20230209 8.47 8.56 8.44 8.54 19794091 168639536.00
20230210 8.49 8.49 8.33 8.39 33261820 279372160.00
20230213 8.37 8.51 8.35 8.46 25702502 216686064.00
20230214 8.46 8.58 8.44 8.57 34319971 293057600.00
20230215 8.55 8.64 8.47 8.49 27657708 235890368.00
20230216 8.42 8.50 8.26 8.33 26265669 220625456.00
20230217 8.33 8.47 8.31 8.40 26658365 224161792.00
20230220 8.46 8.59 8.36 8.58 37314587 317987456.00
20230221 8.59 8.73 8.56 8.71 40139540 348825120.00
20230222 8.64 8.97 8.63 8.83 79148058 700915712.00
20230223 8.82 8.87 8.72 8.77 29250290 257372672.00
20230224 8.78 8.79 8.68 8.73 23002089 200486016.00
20230227 8.69 8.80 8.62 8.70 26070797 227064688.00
20230228 8.73 8.77 8.66 8.71 17874330 155594976.00
20230301 8.72 8.82 8.70 8.71 53981743 471941952.00
20230302 8.70 8.75 8.68 8.70 20370832 177383728.00
20230303 8.74 8.77 8.67 8.76 24322641 212315552.00
20230306 8.81 9.06 8.77 9.02 60981502 545859712.00
20230307 8.97 9.57 8.95 9.38 112851220 1054765376.00
20230308 9.12 9.23 9.00 9.14 72323389 660046848.00
20230309 9.13 9.19 8.95 9.04 40215697 364297632.00
20230310 9.19 9.47 9.12 9.30 71872288 667022208.00
20230313 9.55 9.75 9.48 9.70 112265570 1081694592.00
20230314 9.97 10.25 9.82 9.84 142790184 1427997312.00
20230315 9.77 10.00 9.61 9.80 92054925 902826560.00
20230316 9.88 10.02 9.76 9.79 91938755 908484992.00
20230317 9.63 9.83 9.59 9.76 77975601 755881152.00
20230320 10.05 10.27 9.89 10.21 188183465 1897642624.00
20230321 10.01 10.10 9.88 9.98 93703948 935335040.00
20230322 9.77 9.94 9.68 9.91 69532380 682349120.00
20230323 9.98 10.20 9.94 10.12 79541942 801128832.00
20230324 10.17 10.23 10.00 10.04 60162448 607460800.00
20230327 9.92 10.16 9.78 10.11 63487951 633947264.00
20230328 10.01 10.08 9.75 9.85 52474891 518842176.00
20230329 9.95 9.96 9.76 9.80 33131012 326620160.00
20230330 9.77 9.84 9.65 9.81 38117328 371668800.00
20230331 9.91 10.69 9.90 10.53 131777543 1362836352.00
20230403 10.38 10.43 10.16 10.21 69043895 708776064.00
20230404 10.35 10.95 10.33 10.89 95941834 1027413888.00
20230406 11.20 11.57 11.08 11.38 139807076 1589626496.00
20230407 11.18 11.68 11.18 11.44 87111959 993364928.00
20230410 11.40 11.62 11.18 11.40 71672222 817813632.00
20230411 11.32 12.05 11.20 12.00 115438406 1348510848.00
20230412 12.02 12.51 11.86 12.24 120203842 1467940608.00
20230413 12.23 12.44 11.81 12.07 116487615 1410449152.00
20230414 12.33 12.50 12.13 12.26 94683027 1168277888.00
20230417 11.72 12.16 11.65 12.04 115951136 1388172160.00
20230418 11.95 12.13 11.82 11.97 60527113 724227328.00
20230419 11.97 12.12 11.75 11.79 63099645 749406912.00
20230420 11.70 11.86 11.40 11.67 98747982 1144498944.00
20230421 11.72 11.77 11.46 11.50 60126325 699831168.00
20230424 11.43 11.56 11.18 11.25 66214203 749885440.00
20230425 11.47 11.77 11.41 11.73 93090058 1085579776.00
20230426 11.64 11.83 11.39 11.61 69922568 809569664.00
20230427 11.36 12.08 11.26 11.93 99569245 1174314240.00
20230428 11.71 12.02 11.61 11.92 73441079 872402688.00
20230504 12.60 12.72 12.31 12.42 101969086 1273393408.00
20230505 12.52 12.77 12.11 12.21 66101427 816687424.00
20230508 11.96 12.22 11.68 12.20 66867831 804560384.00
20230509 12.17 12.20 11.85 11.88 53542381 643671168.00
20230510 12.09 12.37 11.76 11.89 64730266 778212288.00
20230511 11.91 12.12 11.50 11.65 66422489 778722304.00
20230512 11.45 11.49 11.03 11.07 104753645 1173422592.00
20230515 11.13 11.18 10.86 11.07 62979645 693079424.00
20230516 11.11 11.15 10.84 10.90 38752034 425151392.00
20230517 10.69 10.88 10.63 10.77 51515828 553467072.00
20230518 10.77 10.92 10.71 10.83 58252259 629702592.00
20230519 10.68 10.81 10.48 10.78 57200737 609756736.00
20230522 10.85 10.89 10.69 10.78 39487374 424915872.00
20230523 10.70 10.72 10.40 10.41 64404227 675265984.00
20230524 10.56 10.58 10.34 10.39 49126480 514142016.00
20230525 10.22 10.29 10.14 10.26 46301528 473326336.00
20230526 10.10 10.53 10.09 10.43 47220932 488040896.00
20230529 10.36 10.51 10.33 10.49 32013787 334006816.00
20230530 10.41 10.69 10.40 10.62 37420953 395159680.00
20230531 10.90 11.23 10.90 11.23 94461214 1043743296.00
20230601 11.07 11.41 10.98 11.15 79857975 891976256.00
20230602 11.28 11.80 11.28 11.53 79188318 914266752.00
20230605 11.27 11.31 11.03 11.04 44795443 499842816.00
20230606 11.15 11.38 11.09 11.13 50427490 567341440.00
20230607 11.20 11.24 11.04 11.10 22447811 249442592.00
20230608 10.91 11.04 10.70 10.96 43887105 477305664.00
20230609 11.11 11.28 10.91 11.20 39627188 440918816.00
20230612 11.11 11.13 10.86 10.98 32188037 352755008.00
20230613 10.95 10.95 10.79 10.91 25433146 276241184.00
20230614 10.79 10.85 10.61 10.76 42953219 459880192.00
20230615 10.55 10.55 10.15 10.37 81038353 837237568.00
20230616 10.43 10.56 10.40 10.49 41160700 430981696.00
20230619 10.46 10.46 10.12 10.35 48930220 501715936.00
20230620 10.26 10.43 10.18 10.36 41021625 423153312.00
20230621 10.26 10.29 10.02 10.05 42581348 430709856.00
20230626 9.95 10.35 9.89 10.19 58870035 601710464.00
20230627 10.11 10.60 10.07 10.51 54245777 565166208.00
20230628 10.42 10.48 10.29 10.35 28500635 295384384.00
20230629 10.30 10.48 10.21 10.44 33688899 350965664.00
20230630 10.46 10.50 10.32 10.33 30802113 320286080.00
20230703 10.40 10.72 10.36 10.62 38056844 402265024.00
20230704 10.71 10.72 10.41 10.51 27111417 284025664.00
20230705 10.49 10.74 10.44 10.72 39888588 425297056.00
20230706 10.62 10.70 10.49 10.65 25995220 275807648.00
20230707 10.52 10.60 10.30 10.54 26094013 273294208.00
20230710 10.68 10.81 10.60 10.64 27787697 297028320.00
20230711 10.70 10.89 10.58 10.86 29413204 317475616.00
20230712 10.81 11.09 10.80 10.98 45494026 499879904.00
20230713 11.31 11.39 11.02 11.07 67772827 759176192.00
20230714 10.88 10.99 10.67 10.70 41830368 452774624.00
20230717 10.70 10.90 10.46 10.83 37569518 403819776.00
20230718 10.76 11.07 10.76 10.90 35205574 385218720.00
20230719 11.08 11.33 10.96 11.24 59852418 668365184.00
20230720 11.20 11.36 11.06 11.11 50501598 566833024.00
20230721 11.01 11.23 10.95 11.13 32472971 360768064.00
20230724 11.08 11.18 10.88 10.96 36485743 401173344.00
20230725 10.95 11.05 10.76 10.91 51514098 560082880.00
20230726 10.93 11.11 10.86 11.04 43983587 482332640.00
20230727 11.00 11.18 10.88 10.93 34482517 379503744.00
20230728 10.73 10.74 10.57 10.62 68149642 724619712.00
20230731 10.68 10.83 10.60 10.64 49517736 529583392.00
20230801 10.74 10.98 10.70 10.84 48382347 525327168.00
20230802 10.74 10.75 10.60 10.67 31865989 339246400.00
20230803 10.54 10.62 10.51 10.56 26861199 283622048.00
20230804 10.59 10.69 10.55 10.62 29813531 316721344.00
20230807 10.63 10.79 10.58 10.77 32087731 343991776.00
20230808 10.70 11.08 10.64 11.00 46425419 507456448.00
20230809 10.90 11.23 10.89 10.93 35703873 393583936.00
20230810 10.86 10.94 10.77 10.83 19792809 214184096.00
20230811 10.84 10.89 10.62 10.65 25372373 272268640.00
20230814 10.60 10.80 10.59 10.70 26803214 286722784.00
20230815 10.63 10.70 10.43 10.58 26263026 277778560.00
20230816 10.60 10.61 10.27 10.37 31596178 328322752.00
20230817 10.30 10.50 10.13 10.47 24572454 253787424.00
20230818 10.41 10.51 10.23 10.23 21853727 226268480.00
20230821 10.25 10.36 10.19 10.22 19891580 204312080.00
20230822 10.25 10.57 10.25 10.54 33405388 349362208.00
20230823 10.56 10.69 10.50 10.55 23783357 251681072.00
20230824 10.78 11.13 10.68 11.08 85763365 940769728.00
20230825 11.03 11.04 10.82 10.88 41661400 454838464.00
20230828 11.16 11.20 10.62 10.80 59291523 639809792.00
20230829 10.86 10.97 10.69 10.90 45770265 498294208.00
20230830 11.09 11.18 10.96 11.00 43710444 482917792.00
20230831 11.07 11.29 11.06 11.12 48654984 543738816.00
20230901 11.05 11.16 11.01 11.15 30095475 333717504.00
20230904 11.13 11.35 11.09 11.23 47869384 538208704.00
20230905 11.13 11.25 11.09 11.23 28238478 315583040.00
20230906 11.12 11.19 10.99 11.00 29988184 331952864.00
20230907 10.94 11.08 10.90 10.95 28964828 318395648.00
20230908 11.12 11.29 11.03 11.10 38245584 426543424.00
20230911 11.08 11.46 11.05 11.35 67253302 760590016.00
20230912 11.28 11.43 11.19 11.21 32492610 366840896.00
20230913 11.19 11.27 11.11 11.21 27700035 310033728.00
20230914 11.27 11.72 11.27 11.67 92872590 1076448768.00
20230915 11.76 11.90 11.49 11.61 98805123 1154130304.00
20230918 11.58 11.63 11.35 11.43 55972621 639894592.00
20230919 11.46 11.60 11.39 11.49 36505492 419610432.00
20230920 11.50 11.59 11.38 11.54 36650742 421864512.00
20230921 11.44 11.55 11.30 11.33 37464504 426232800.00
20230922 11.32 11.38 11.14 11.28 38169957 428789312.00
20230925 11.22 11.45 11.20 11.31 30481926 346024416.00
20230926 11.25 11.36 11.19 11.24 24102937 271651040.00
20230927 11.18 11.26 10.96 11.07 38837053 430441664.00
20230928 10.84 11.00 10.76 10.94 35241402 384339328.00
20231009 10.79 11.10 10.66 11.05 52702615 574517248.00
20231010 11.07 11.22 10.98 11.14 46375317 515463424.00
20231011 11.17 11.21 10.69 10.79 57640849 626168448.00
20231012 10.84 11.03 10.84 10.98 32864587 360125440.00
20231013 10.88 10.99 10.78 10.91 24664086 268016352.00
20231016 11.25 11.30 11.05 11.09 53284698 594593920.00
20231017 11.08 11.12 10.87 11.10 33662684 370009088.00
20231018 11.17 11.30 11.02 11.02 38306346 426918624.00
20231019 11.09 11.12 10.87 10.97 35755053 392729344.00
20231020 11.06 11.24 10.88 10.91 49707163 548439296.00
20231023 10.71 10.86 10.62 10.74 46452733 498683168.00
20231024 10.68 10.87 10.68 10.78 27615467 297894208.00
20231025 10.77 10.90 10.68 10.75 29288970 315678464.00
20231026 10.75 11.15 10.70 11.12 48245737 530882592.00
20231027 11.05 11.29 11.00 11.15 35523684 396330048.00
20231030 11.30 11.36 10.87 10.90 57132505 632203648.00
20231031 10.85 11.03 10.82 10.95 39922087 436141664.00
20231101 10.86 10.93 10.80 10.85 26516160 288005184.00
20231102 10.86 10.89 10.66 10.68 24657498 265183584.00
20231103 10.64 10.67 10.50 10.54 42736870 451211168.00
20231106 10.56 10.61 10.32 10.39 51610460 536987072.00
20231107 10.30 10.38 10.15 10.36 53308627 546937024.00
20231108 10.29 10.35 10.22 10.31 33872836 348128512.00
20231109 10.24 10.31 10.21 10.24 27464171 281528640.00
20231110 10.23 10.43 10.19 10.39 36161639 373123904.00
20231113 10.27 10.41 10.15 10.41 38424869 394495392.00
20231114 10.35 10.42 10.28 10.30 35291084 364520928.00
20231115 10.41 10.55 10.33 10.42 47141066 491532800.00
20231116 10.35 10.38 10.27 10.34 22635557 233492832.00
20231117 10.50 10.60 10.36 10.56 55047083 578186560.00
20231120 10.48 10.55 10.41 10.48 28197980 295377824.00
20231121 10.48 10.59 10.47 10.50 24027930 253205200.00
20231122 10.51 10.59 10.37 10.37 27380173 286145088.00
20231123 10.29 10.35 10.25 10.32 24826448 255633232.00
20231124 10.31 10.34 10.18 10.21 24860035 254709904.00
20231127 10.39 10.60 10.32 10.59 61933363 651185856.00
20231128 10.59 10.67 10.43 10.58 42176496 446204864.00
20231129 10.85 10.92 10.73 10.87 58498390 634734528.00
20231130 10.85 10.88 10.72 10.77 28922645 312031264.00
20231201 10.78 10.79 10.65 10.69 31377637 335681568.00
20231204 11.05 11.10 10.90 10.92 61129004 673323520.00
20231205 10.71 10.75 10.50 10.59 38391997 409558976.00
20231206 10.52 10.62 10.37 10.59 34372432 361526016.00
20231207 10.58 10.71 10.51 10.67 30872316 327851648.00
20231208 10.69 10.72 10.54 10.60 68190307 724763712.00
20231211 10.46 10.48 10.14 10.26 63952664 654001280.00
20231212 10.17 10.21 10.08 10.20 39185747 397466400.00
20231213 10.12 10.21 10.03 10.05 33386700 337686176.00
20231214 10.30 10.33 10.06 10.07 40122020 407614848.00
20231215 10.11 10.21 9.89 9.91 49187813 492683552.00
20231218 9.81 9.83 9.69 9.72 44038109 429845184.00
20231219 9.72 9.74 9.61 9.71 28186476 272929792.00
20231220 9.70 9.94 9.70 9.81 36332725 357200800.00
20231221 9.75 9.79 9.57 9.75 35830262 346385312.00
20231222 9.80 9.87 9.70 9.74 33384383 326157792.00
20231225 9.71 9.86 9.70 9.85 22652360 221777536.00
20231226 9.85 10.02 9.82 9.95 37527770 372712512.00
20231227 9.94 10.03 9.87 10.00 25404782 252735792.00
20231228 10.11 10.12 9.99 10.03 48411956 486410432.00
20231229 9.91 9.98 9.87 9.96 37719169 374379136.00
20240102 9.93 10.18 9.91 10.13 44615899 450351360.00
20240103 10.05 10.15 10.03 10.10 19561946 197254032.00
20240104 10.01 10.10 9.97 10.07 19730439 197935360.00
20240105 10.05 10.20 9.89 9.92 35115139 352287648.00
20240108 9.93 9.95 9.71 9.73 25439891 249331728.00
20240109 9.72 9.73 9.56 9.61 35437437 341511360.00
20240110 9.58 9.60 9.48 9.51 32372654 308546976.00
20240111 9.45 9.48 9.37 9.41 37818079 355970240.00
20240112 9.40 9.53 9.38 9.43 41089013 388560320.00
20240115 9.43 9.54 9.32 9.49 34957984 330319648.00
20240116 9.44 9.48 9.20 9.32 38582233 359549440.00
20240117 9.23 9.28 8.94 8.94 53759629 488805440.00
20240118 8.83 8.97 8.62 8.92 59791546 524612416.00
20240119 8.89 9.08 8.86 9.04 35640678 321538816.00
20240122 9.04 9.09 8.61 8.68 42360319 373744448.00
20240123 8.65 8.81 8.52 8.75 42520553 367330336.00
20240124 8.74 8.96 8.68 8.95 40978697 361872064.00
20240125 8.94 9.33 8.90 9.33 48447107 444827200.00
20240126 9.32 9.45 9.27 9.40 36477568 341934304.00
20240129 9.45 9.63 9.45 9.55 49911863 477463648.00
20240130 9.50 9.73 9.45 9.52 53970393 518953216.00
20240131 9.53 9.58 9.35 9.42 39266714 372174080.00
20240201 9.40 9.58 9.25 9.45 38068120 359661440.00
20240202 9.54 9.66 9.18 9.43 49570373 470743840.00
20240205 9.29 9.53 9.15 9.39 56043243 522916960.00
20240206 9.30 9.71 9.21 9.58 54215730 512865888.00
20240207 9.60 9.80 9.47 9.80 62432626 604496064.00
20240208 9.79 9.83 9.59 9.77 59884124 580778368.00
20240219 9.67 10.05 9.58 10.00 64359903 634356544.00
20240220 9.94 10.10 9.88 10.06 36435980 364876064.00
20240221 10.01 10.43 9.99 10.25 58321562 601448064.00
20240222 10.19 10.50 10.18 10.47 47982577 498950624.00
20240223 10.58 10.72 10.46 10.52 47700795 504685184.00
20240226 10.63 10.63 10.36 10.37 33495077 350014016.00
20240227 10.33 10.54 10.32 10.48 28365832 296732384.00
20240228 10.39 10.52 10.35 10.35 37228552 388254112.00
20240229 10.31 10.44 10.25 10.42 36733152 379988704.00
20240301 10.38 10.92 10.38 10.88 58861103 631223232.00
20240304 11.11 11.25 10.95 11.04 61363761 678735872.00
20240305 11.20 11.48 11.15 11.29 64962305 733602688.00
20240306 11.39 11.58 11.25 11.48 52830794 605000192.00
20240307 11.57 12.08 11.57 11.81 74534992 884044608.00
20240308 11.87 11.87 11.56 11.74 56961159 665211968.00
20240311 11.93 12.04 11.69 11.80 49704713 589171136.00
20240312 11.81 11.82 11.34 11.44 75211976 864169344.00
20240313 11.30 11.53 11.24 11.43 41157324 468676512.00
20240314 11.58 11.84 11.58 11.67 62643062 734708672.00
20240315 11.58 12.06 11.57 11.98 68932946 818698432.00
20240318 11.88 12.13 11.84 11.99 48007675 574434304.00
20240319 11.92 12.14 11.85 11.87 35551758 425605632.00
20240320 11.86 12.10 11.80 11.98 37762932 451633952.00
20240321 12.50 12.58 12.20 12.32 59905787 739445248.00
20240322 12.16 12.26 11.85 12.00 54754968 657695424.00
20240325 12.00 12.19 11.98 11.99 47280202 570237568.00
20240326 11.97 12.02 11.81 11.99 39066674 466406048.00
20240327 12.08 12.22 12.01 12.07 39804157 482332544.00
20240328 12.10 12.49 12.01 12.36 50063095 615656512.00
20240329 12.71 13.34 12.65 13.21 104317006 1365408256.00
20240401 13.58 13.77 13.08 13.40 94904325 1264728064.00
20240402 13.23 13.43 13.07 13.25 67564161 892729920.00
20240403 13.49 13.62 13.24 13.46 84199435 1132170240.00
20240408 13.61 14.24 13.57 13.81 127922839 1780555520.00
20240409 13.61 13.77 13.32 13.43 74939796 1010480128.00
20240410 13.47 13.68 13.34 13.56 70255151 951735360.00
20240411 13.20 13.75 13.13 13.41 75991382 1022707712.00
20240412 13.95 14.12 13.72 14.00 94901492 1321845120.00
20240415 13.49 13.58 13.20 13.52 101562384 1361631744.00
20240416 13.61 13.71 13.03 13.04 76493471 1023384128.00
20240417 13.16 13.38 13.10 13.30 64855837 858399232.00
20240418 13.15 13.43 12.93 13.36 69794128 920361664.00
20240419 13.40 13.86 13.30 13.44 81543072 1107801472.00
20240422 13.30 13.47 12.89 12.93 70816749 930109184.00
20240423 12.52 12.73 12.28 12.41 84323132 1049598464.00
20240424 12.50 12.87 12.46 12.84 49755874 630742016.00
20240425 12.72 12.98 12.55 12.88 37923121 485629312.00
20240426 13.01 13.42 13.01 13.35 58710709 776884608.00
20240429 13.45 13.45 13.01 13.34 70789615 937399808.00
20240430 13.38 13.50 13.07 13.12 51148261 678722560.00
20240506 12.96 13.18 12.75 13.18 62506707 811248768.00
20240507 13.22 13.54 13.22 13.36 50860497 680436416.00
20240508 13.23 13.59 13.10 13.44 42305031 565834112.00
20240509 13.36 13.70 13.30 13.65 46218665 624705344.00
20240510 13.95 14.36 13.74 14.33 96046697 1350346368.00
20240513 14.16 14.51 13.93 14.27 72489793 1030563840.00
20240514 14.27 14.51 14.18 14.37 45267668 649103872.00
20240515 14.44 15.48 14.43 14.92 99601230 1494687616.00
20240516 15.21 15.35 14.72 14.83 85565785 1283565184.00
20240517 14.65 14.80 14.36 14.75 56366577 822741504.00
20240520 15.25 15.77 15.01 15.58 101263029 1557698048.00
20240521 15.41 15.55 14.90 14.99 74161715 1120322432.00
20240522 14.98 15.16 14.75 14.89 50231097 750412224.00
20240523 14.20 14.65 14.10 14.52 55296025 800340416.00
20240524 14.26 14.73 14.22 14.60 49159044 713991744.00
20240527 14.60 14.86 14.52 14.64 43214915 634274752.00
20240528 14.80 15.09 14.60 14.63 59092961 877368768.00
20240529 14.70 15.02 14.53 14.85 63782480 949869568.00
20240530 14.66 14.68 14.24 14.31 58876521 849494912.00
20240531 14.41 14.59 14.27 14.42 41259723 596122432.00
20240603 14.23 14.48 14.07 14.25 35936367 511965408.00
20240604 14.41 14.51 14.18 14.36 36253981 520496896.00
20240605 14.15 14.33 14.04 14.20 31041366 440074528.00
20240606 14.46 14.69 14.38 14.47 56022222 814095552.00
20240607 14.67 14.79 14.29 14.71 65409789 954824512.00
20240611 14.08 14.19 13.95 14.14 68601296 965983296.00
20240612 14.12 14.68 14.12 14.56 46147820 666176128.00
20240613 14.47 14.52 14.10 14.35 42326608 605212224.00
20240614 14.27 14.42 14.13 14.34 26283530 376591072.00
20240617 14.36 14.52 14.14 14.29 31590504 452858848.00
20240618 14.33 14.65 14.18 14.47 32740660 473375840.00
20240619 14.53 15.16 14.51 14.91 67134071 1003521856.00
20240620 14.96 15.26 14.76 15.00 46499132 698268608.00
20240621 15.18 15.33 14.88 15.02 49047888 736735744.00
20240624 14.58 14.90 14.55 14.78 36874320 543036480.00
20240625 14.73 14.78 14.40 14.51 32109773 467460032.00
20240626 14.42 14.53 14.23 14.46 33752183 484409408.00
20240627 14.32 14.43 14.10 14.27 30347063 433455040.00
20240628 14.48 14.90 14.36 14.80 40698831 596461952.00
20240701 14.78 15.07 14.66 14.89 38198722 568089472.00
20240702 14.86 15.03 14.69 14.89 30226695 448685888.00
20240703 14.88 14.89 14.68 14.76 24293844 358740768.00
20240704 15.05 15.18 14.95 15.03 57974149 873540864.00
20240705 15.02 16.51 14.96 16.36 110897298 1753492352.00
20240708 16.57 16.89 16.40 16.61 88390254 1475327872.00
20240709 16.50 17.00 16.41 16.90 69850161 1169505408.00
20240710 16.90 17.26 16.70 16.86 62999728 1070610624.00
20240711 16.98 17.50 16.82 17.39 58952840 1015167872.00
20240712 17.76 17.85 16.80 17.12 83043784 1427703040.00
20240715 16.99 17.39 16.80 17.18 52582270 903986496.00
20240716 17.30 17.99 17.23 17.87 70009450 1241178880.00
20240717 18.35 18.65 17.88 18.17 95094188 1737943680.00
20240718 17.60 18.06 17.20 17.70 87317044 1535367680.00
20240719 16.80 17.41 16.59 17.24 82596995 1405304320.00
20240722 16.99 17.12 16.40 16.85 74134017 1239969536.00
20240723 16.80 16.93 16.10 16.16 55899608 916484800.00
20240724 16.25 16.32 15.89 16.16 46802204 754087168.00
20240725 15.70 15.71 14.86 15.13 101181078 1538333312.00
20240726 15.00 15.47 14.95 15.42 55701806 852046848.00
20240729 15.58 16.12 15.55 15.81 57485270 909561984.00
20240730 15.60 15.77 15.43 15.73 38589090 602412416.00
20240731 15.85 16.22 15.68 16.06 57588054 918397632.00
20240801 16.33 16.57 16.11 16.26 54853863 894685952.00
20240802 16.07 16.35 15.83 16.23 54475730 877057728.00
20240805 15.49 15.98 15.42 15.51 60888798 952081472.00
20240806 15.53 15.60 15.02 15.24 52110064 796071936.00
20240807 15.18 15.48 15.05 15.35 38552152 591518656.00
20240808 15.21 15.30 14.90 15.11 36330417 546805632.00
20240809 15.34 15.44 15.01 15.02 32620775 497079072.00
20240812 14.98 15.19 14.95 15.12 25472243 383917856.00
20240813 15.36 15.47 15.12 15.30 40966213 627042624.00
20240814 15.33 15.43 15.11 15.15 19189999 292300192.00
20240815 15.01 15.24 14.93 15.13 24521576 369949216.00
20240816 15.15 15.26 14.55 14.79 50637733 749702144.00
20240819 15.07 15.67 15.05 15.46 66593268 1028853312.00
20240820 15.46 15.48 14.99 15.12 36376118 552492224.00
20240821 15.18 15.65 15.02 15.42 43681554 673318592.00
20240822 15.33 15.58 15.21 15.30 33578860 515237888.00
20240823 15.05 15.33 14.92 15.31 22486268 340970208.00
20240826 15.41 15.47 14.76 15.07 41327992 619894720.00
20240827 15.07 15.07 14.49 14.67 35636051 522718720.00
20240828 14.70 14.82 14.32 14.38 34870653 505490816.00
20240829 14.28 14.49 14.11 14.35 35700714 511554176.00
20240830 14.11 14.11 13.35 13.47 144556249 1963148928.00
20240902 13.32 13.33 12.85 13.03 88586898 1153339136.00
20240903 12.98 13.02 12.71 12.80 55018322 704067072.00
20240904 12.65 12.73 12.41 12.49 65491450 821274048.00
20240905 12.52 12.66 12.34 12.55 60861108 760829120.00
20240906 12.56 12.77 12.55 12.58 46717280 590541568.00
20240909 12.32 12.43 12.18 12.27 53662835 658498816.00
20240910 12.31 12.36 12.11 12.28 40264286 492583840.00
20240911 12.27 12.41 12.18 12.34 44963572 553007744.00
20240912 12.26 12.34 12.16 12.22 34304631 419825376.00
20240913 12.61 12.86 12.38 12.58 107138210 1351312256.00
20240918 12.76 12.86 12.35 12.53 50819430 641374528.00
20240919 12.53 12.68 12.05 12.64 68066944 844248256.00
20240920 12.63 13.09 12.57 13.03 84059778 1084843264.00
20240923 13.11 13.52 13.11 13.31 69329742 923474816.00
20240924 13.39 13.59 13.11 13.45 81750539 1091196672.00
20240925 13.70 14.45 13.68 13.96 114967931 1618200832.00
20240926 13.93 14.23 13.83 14.23 67969707 954857792.00
20240927 14.31 14.57 13.93 14.34 73394644 1044903552.00
20240930 14.50 15.60 14.01 15.20 186722820 2734076672.00
20241008 16.35 16.45 14.51 15.02 199466585 3077212672.00
20241009 14.57 14.80 13.60 13.61 138453264 1968009344.00
20241010 13.60 14.25 13.55 13.86 83311617 1158991232.00
20241011 14.11 14.49 14.00 14.14 94986540 1354923520.00
20241014 14.23 14.59 14.01 14.45 82078359 1174104576.00
20241015 14.25 14.25 13.85 13.92 77011853 1075793664.00
20241016 14.01 14.39 13.87 14.37 84167382 1195917056.00
20241017 14.48 14.48 14.07 14.15 65336548 930967424.00
20241018 14.36 14.86 14.35 14.68 116902182 1715883008.00
20241021 14.98 15.26 14.70 15.13 100343018 1509886080.00
20241022 14.92 15.16 14.77 14.99 61713234 921872768.00
20241023 15.19 15.25 14.85 14.95 65038731 975671232.00
20241024 14.60 14.65 14.33 14.52 52194896 754775872.00
20241025 14.42 14.46 14.26 14.34 43477683 623600576.00
20241028 14.28 14.40 14.18 14.33 38523035 551341504.00
20241029 14.38 14.72 14.33 14.53 62603180 909318272.00
20241030 14.75 15.12 14.52 14.79 97745654 1445867264.00
20241031 14.63 14.66 14.22 14.26 74526375 1072183680.00
20241101 13.92 14.44 13.76 14.19 67102033 951631296.00
20241104 14.08 14.27 13.95 14.24 42220070 595442880.00
20241105 14.16 14.30 14.06 14.30 63703510 904116032.00
20241106 14.21 14.47 13.88 14.00 101578781 1440088448.00
20241107 13.38 13.58 13.11 13.57 107564655 1439251328.00
20241108 13.68 13.91 13.16 13.20 115375406 1550626432.00
20241111 13.11 13.12 12.78 12.93 122405753 1577346048.00
20241112 12.71 12.95 12.59 12.69 106780432 1361341184.00
20241113 12.66 12.93 12.64 12.80 68781710 882715968.00
20241114 12.62 12.81 12.53 12.56 64802880 819752384.00
20241115 12.61 12.97 12.56 12.57 84191696 1072102144.00
20241118 12.68 12.87 12.48 12.56 67330038 851395456.00
20241119 12.78 13.00 12.70 12.89 102413407 1315119360.00
20241120 12.94 13.05 12.81 12.98 79905334 1034806528.00
20241121 13.03 13.21 12.90 13.21 78165947 1020192320.00
20241122 13.30 13.30 12.98 13.01 84366434 1104876672.00
20241125 13.05 13.34 12.51 12.67 83208789 1073306752.00
20241126 12.30 12.57 12.30 12.45 52305076 651636544.00
20241127 12.48 12.49 12.27 12.49 36874315 457412992.00
20241128 12.36 12.44 12.32 12.34 40263312 498298176.00
20241129 12.39 12.61 12.37 12.53 47369775 591599744.00
20241202 12.38 12.56 12.35 12.54 40889071 510537792.00
20241203 12.57 12.66 12.50 12.62 37751702 474597120.00
20241204 12.62 12.73 12.49 12.65 48436951 612247360.00
20241205 12.63 12.63 12.45 12.52 35339553 442465248.00
20241206 12.45 12.59 12.43 12.52 48947038 613204288.00
20241209 12.58 13.07 12.58 12.80 83641942 1073458752.00
20241210 13.05 13.11 12.68 12.74 74613987 959301184.00
20241211 12.84 13.00 12.81 12.90 52701207 679566144.00
20241212 12.98 13.12 12.96 13.06 59357183 774579008.00
20241213 12.91 12.92 12.70 12.71 51072535 652556032.00
20241216 12.62 12.68 12.44 12.46 43611512 546035776.00
20241217 12.46 12.55 12.37 12.39 27867142 346804992.00
20241218 12.43 12.47 12.37 12.38 26463928 328390112.00
20241219 12.18 12.18 11.94 12.10 56389297 680394944.00
20241220 12.03 12.10 11.90 11.96 58419384 699408768.00
20241223 11.99 12.10 11.98 12.00 49083905 590344320.00
20241224 11.96 12.08 11.90 12.05 40478226 485705216.00
20241225 12.04 12.05 11.86 11.99 31691682 378660352.00
20241226 12.00 12.22 12.00 12.19 38263500 464881152.00
20241227 12.21 12.25 12.12 12.13 30081257 366100480.00
20241230 12.10 12.23 12.05 12.10 31334258 379546752.00
20241231 12.07 12.24 12.02 12.03 41768575 506251360.00
20250102 12.14 12.53 12.10 12.30 92725909 1145375488.00
20250103 12.43 12.68 12.28 12.33 89245334 1115351680.00
20250106 12.29 12.35 12.00 12.18 53058743 646267840.00
20250107 12.13 12.52 12.02 12.48 53738160 665299136.00
20250108 12.47 12.64 12.29 12.39 45211695 562058752.00
20250109 12.41 12.53 12.30 12.45 33354910 414420288.00
20250110 12.50 12.59 12.28 12.38 39227848 486492544.00
20250113 12.34 12.95 12.25 12.84 99315385 1265080960.00
20250114 12.68 12.94 12.68 12.94 58895367 757636672.00
20250115 12.94 13.06 12.47 12.77 64573507 822285504.00
20250116 12.98 13.36 12.96 13.13 86557757 1139552384.00
20250117 13.22 13.27 13.12 13.19 39241546 517798912.00
20250120 13.02 13.15 12.80 12.97 46479903 600784704.00
20250121 12.90 12.99 12.78 12.97 35724288 461248480.00
20250122 13.10 13.34 12.99 13.21 65119259 858514176.00
20250123 13.11 13.33 12.95 12.99 48459525 635843328.00
20250124 13.05 13.15 12.83 13.08 44762127 581241984.00
20250127 13.08 13.27 13.06 13.13 38874027 511588032.00
20250205 13.51 13.82 13.51 13.80 101496726 1389288192.00
20250206 13.80 13.86 13.58 13.72 60429829 827719936.00
20250207 13.70 13.81 13.60 13.69 53606877 734147904.00
20250210 13.81 14.01 13.80 13.96 75525710 1050726464.00
20250211 14.20 14.35 13.98 14.02 84890457 1200779136.00
20250212 13.81 13.85 13.52 13.62 66479940 909492992.00
20250213 13.66 13.77 13.54 13.62 51084255 697752192.00
20250214 13.76 13.82 13.45 13.55 53100180 720408768.00
20250217 13.19 13.19 12.70 12.95 81638485 1059636480.00
20250218 12.96 12.99 12.76 12.86 48941561 630259456.00
20250219 13.05 13.10 12.79 12.89 50992898 658516608.00
20250220 12.90 13.08 12.88 13.02 53699050 697121792.00
20250221 12.95 13.03 12.61 12.63 80066908 1019573312.00
20250224 12.57 12.76 12.43 12.68 53786737 679203712.00
20250225 12.75 12.84 12.49 12.50 54913694 695191296.00
20250226 12.44 12.59 12.40 12.42 43509000 541773376.00
20250227 12.43 12.47 12.23 12.31 46090776 568163840.00
20250228 12.21 12.29 12.09 12.11 51109844 622008448.00
20250303 12.16 12.28 12.04 12.10 49518958 602694976.00
20250304 12.18 12.51 12.12 12.42 78412261 966788992.00
20250305 12.42 12.63 12.40 12.62 52718207 661619904.00
20250306 12.64 12.65 12.48 12.55 48640626 611182016.00
20250307 12.48 12.72 12.45 12.58 52636244 664573376.00
20250310 12.65 12.69 12.45 12.66 40325635 507248864.00
20250311 12.50 12.63 12.41 12.63 41201053 515111904.00
20250312 12.64 12.79 12.61 12.74 47742765 606128832.00
20250313 12.82 13.00 12.77 12.84 59848197 769981312.00
20250314 13.29 13.37 13.06 13.19 93483347 1233153408.00
20250317 13.18 13.49 13.14 13.33 78931136 1052476032.00
20250318 13.44 14.14 13.42 13.92 131500402 1823616512.00
20250319 14.02 14.14 13.80 13.91 93090210 1298707328.00
20250320 14.10 14.18 13.75 13.77 79544968 1106218368.00
20250321 13.75 13.83 13.20 13.27 83466560 1120323840.00
20250324 13.20 13.40 13.01 13.27 77441684 1022688256.00
20250325 13.22 13.61 13.15 13.50 56971166 763580736.00
20250326 13.60 13.82 13.36 13.49 59243658 804696768.00
20250327 13.43 13.60 13.32 13.52 35688176 480480928.00
20250328 13.80 13.96 13.63 13.84 86903469 1199567872.00
20250331 13.88 14.12 13.83 14.07 116569173 1630069376.00
20250401 14.04 14.33 13.81 13.87 102513765 1437068288.00
20250402 13.87 14.00 13.53 13.60 69499170 954895936.00
20250403 13.83 13.94 13.51 13.53 80602129 1105527424.00
20250407 12.21 12.97 12.19 12.50 132103492 1659409792.00
20250408 12.44 12.72 12.35 12.71 95104108 1192753536.00
20250409 12.45 13.19 12.26 13.19 94291944 1195896576.00
20250410 13.48 14.08 13.18 13.95 121051826 1663322880.00
20250411 14.48 14.66 14.15 14.27 156172493 2255953408.00
20250414 14.20 14.75 14.11 14.72 135038323 1963971456.00
20250415 14.58 14.66 14.36 14.57 75312901 1093289472.00
20250416 14.90 14.97 14.59 14.81 110353764 1625438720.00
20250417 15.10 15.30 14.46 14.57 142365043 2108973312.00
20250418 14.41 14.56 14.17 14.43 70722675 1012509056.00
20250421 14.69 15.50 14.65 15.43 137450450 2079823744.00
20250422 15.57 15.70 15.20 15.27 134776688 2076955008.00
20250423 14.55 14.78 14.25 14.30 140212500 2032593152.00
20250424 14.48 14.57 14.15 14.20 66278954 952179392.00
20250425 14.32 14.34 13.86 13.99 68644040 966961344.00
20250428 13.91 13.98 13.76 13.92 46884753 651020032.00
20250429 14.00 14.06 13.79 13.97 49714189 691082112.00
20250430 13.83 13.95 13.60 13.63 70857586 974394944.00
20250506 13.91 14.28 13.91 14.07 86909401 1224174080.00
20250507 14.10 14.22 13.90 14.19 69965359 985143872.00
20250508 14.11 14.22 13.81 13.85 68290115 954904896.00
20250509 13.65 13.93 13.61 13.79 46171470 634369792.00
20250512 13.50 13.62 13.28 13.60 61744921 831606144.00
20250513 13.48 13.74 13.39 13.69 60722662 822831744.00
20250514 13.58 13.68 13.41 13.45 44948621 606102528.00
20250515 13.30 13.37 13.13 13.26 60775429 804646912.00
20250516 13.39 13.50 13.20 13.27 36693638 488208896.00
20250519 13.33 13.46 13.25 13.40 41553065 555111808.00
20250520 13.40 13.68 13.37 13.55 54305879 736465088.00
20250521 13.79 14.00 13.63 14.00 75044569 1038140032.00
20250522 14.04 14.08 13.82 13.82 50502778 704422144.00
20250523 13.73 14.03 13.72 13.90 52400353 725928000.00
20250526 13.93 14.59 13.90 14.42 106507865 1529886464.00
20250527 14.35 14.62 14.06 14.07 54414894 775714048.00
20250528 14.00 14.19 14.00 14.16 32907800 464638496.00
20250529 13.82 13.93 13.69 13.88 41518327 574782656.00
20250530 14.00 14.08 13.84 13.95 32593417 454648640.00
20250603 14.32 14.39 14.16 14.24 65875883 940550528.00
20250604 14.27 14.37 14.12 14.18 46504702 662495808.00
20250605 14.25 14.30 14.07 14.08 30322236 429184672.00
20250606 14.06 14.30 14.06 14.20 39320857 559044608.00
20250609 13.94 14.17 13.79 14.17 49943264 697616832.00
20250610 14.05 14.25 14.04 14.24 35769456 506021920.00
20250611 14.21 14.36 14.15 14.30 35217884 502613312.00
20250612 14.38 14.68 14.32 14.67 59284290 861038400.00
20250613 14.94 15.10 14.83 14.98 99554465 1491069952.00
20250616 14.99 15.03 14.68 14.76 55404820 822256640.00
20250617 14.65 14.86 14.56 14.59 44109070 647656192.00
20250618 14.57 14.69 14.44 14.62 32461263 473351616.00
20250619 14.50 14.59 14.35 14.42 35094515 508206752.00
20250620 14.36 14.42 14.21 14.31 29689299 425186752.00
20250623 14.40 14.42 14.25 14.30 31419075 450092448.00
20250624 14.16 14.30 14.05 14.11 49583484 703100992.00
20250625 14.13 14.35 14.13 14.34 34654637 494038144.00
20250626 14.35 14.60 14.21 14.53 48512486 701464768.00
20250627 14.48 14.74 14.46 14.47 47371409 690457088.00
20250630 14.38 14.65 14.32 14.63 37680950 547097536.00
20250701 14.74 14.90 14.63 14.88 38245708 565679424.00
20250702 14.85 15.00 14.81 14.86 40630248 605386624.00
20250703 14.55 14.56 14.32 14.43 35536581 512625984.00
20250704 14.32 14.43 14.09 14.33 41642630 593173568.00
20250707 14.20 14.33 14.14 14.22 22911588 326513600.00
20250708 14.28 14.46 14.16 14.19 33978592 484162656.00
20250709 14.15 14.18 13.75 13.78 68135831 948863040.00
20250710 13.87 13.92 13.73 13.78 38045855 525701536.00
20250711 13.80 13.96 13.80 13.87 47016895 652831744.00
20250714 14.54 15.26 14.54 15.22 233695661 3513425408.00
20250715 14.99 15.20 14.82 15.20 109426622 1642821632.00
20250716 15.00 15.17 14.92 15.06 44116045 662848128.00
20250717 15.05 15.30 14.90 14.99 59423327 898174656.00
20250718 14.96 15.18 14.89 15.15 48462106 728562560.00
20250721 15.20 15.40 15.05 15.30 57523504 876518272.00
20250722 15.49 16.04 15.48 15.78 90807610 1432892160.00
20250723 16.00 16.10 15.82 15.89 67055864 1068214848.00
20250724 15.11 15.27 14.61 15.19 337064040 5024665088.00
20250725 14.90 15.09 14.85 14.92 155235475 2322235392.00
20250728 14.85 14.92 14.73 14.81 78107051 1155281152.00
20250729 14.73 14.76 14.56 14.68 64395366 942919808.00
20250730 14.75 14.85 14.62 14.73 65136806 961753984.00
20250731 14.55 14.56 14.25 14.32 84037470 1208638592.00
20250801 14.34 14.50 14.31 14.45 46726688 673729088.00
20250804 14.71 14.91 14.62 14.88 119736262 1771694976.00
20250805 14.91 15.03 14.76 14.78 73387630 1091939712.00
20250806 14.85 14.92 14.78 14.83 53044071 787319616.00
20250807 14.90 14.99 14.75 14.97 62627036 930539584.00
20250808 15.04 15.14 14.96 15.03 75430522 1135024512.00
20250811 14.81 14.82 14.60 14.62 94333324 1384431104.00
20250812 14.60 14.68 14.55 14.57 47295654 690552704.00
20250813 14.59 14.76 14.57 14.76 80252729 1175983104.00
20250814 14.76 14.88 14.59 14.66 83823403 1233885440.00
20250815 14.52 14.69 14.46 14.62 68072871 995091904.00
20250818 14.61 14.64 14.44 14.50 92994373 1349773184.00
20250819 14.45 14.49 14.33 14.36 71631396 1030045952.00
20250820 14.28 14.43 14.20 14.43 64413027 925112064.00
20250821 14.49 14.65 14.44 14.52 75690360 1102495744.00
20250908 18.40 18.49 17.93 18.17 127910024 2329726976.00
#:
