20210802 3385.69 3464.29 3367.64 3464.29 432927871 657885757440.00
20210803 3446.78 3470.66 3435.46 3447.99 400698081 603419181056.00
20210804 3442.94 3477.60 3440.78 3477.22 348744218 546820751360.00
20210805 3461.72 3486.16 3449.39 3466.55 348436922 540401106944.00
20210806 3465.48 3466.39 3436.93 3458.23 336824400 516406640640.00
20210809 3441.75 3502.84 3438.70 3494.63 349910094 539498938368.00
20210810 3488.66 3529.93 3477.06 3529.93 345112992 553440313344.00
20210811 3527.11 3544.09 3524.04 3532.62 383783554 541942743040.00
20210812 3522.72 3538.40 3513.45 3524.74 381074593 538163445760.00
20210813 3514.47 3540.08 3500.80 3516.30 378187282 532907851776.00
20210816 3514.34 3537.85 3510.90 3517.34 391099721 535458938880.00
20210817 3512.11 3531.73 3438.12 3446.98 422885804 570430652416.00
20210818 3442.35 3487.44 3437.69 3485.29 389203756 535463067648.00
20210819 3475.30 3480.46 3446.01 3465.55 382383031 537926533120.00
20210820 3442.51 3453.15 3394.97 3427.33 391136918 552667578368.00
20210823 3436.80 3481.25 3436.67 3477.13 384727440 564308148224.00
20210824 3482.27 3522.70 3481.14 3514.47 430236463 616084144128.00
20210825 3517.92 3540.39 3510.07 3540.38 450047019 598611853312.00
20210826 3537.31 3537.32 3499.45 3501.66 502903147 622393491456.00
20210827 3494.42 3530.19 3493.38 3522.16 455345906 595518685184.00
20210830 3535.07 3539.49 3512.99 3528.15 512785716 699116224512.00
20210831 3519.02 3543.94 3496.39 3543.94 524205056 703504842752.00
20210901 3543.87 3582.32 3514.67 3567.10 667276305 842528980992.00
20210902 3559.90 3597.37 3557.68 3597.04 572684039 691113295872.00
20210903 3602.74 3613.95 3569.40 3581.73 614532353 743840808960.00
20210906 3580.14 3626.29 3580.14 3621.86 521713276 654085718016.00
20210907 3621.71 3681.93 3615.14 3676.59 547721875 658867945472.00
20210908 3673.40 3695.32 3661.00 3675.19 586436193 674348466176.00
20210909 3666.82 3693.45 3662.16 3693.13 604810330 679465451520.00
20210910 3691.19 3722.87 3681.64 3703.11 635200433 759084613632.00
20210913 3699.25 3716.83 3692.82 3715.37 557484019 696192335872.00
20210914 3709.63 3723.85 3655.63 3662.60 564952386 693778120704.00
20210915 3651.16 3677.53 3638.32 3656.22 474970001 604231565312.00
20210916 3664.84 3677.92 3606.73 3607.09 546741474 673955315712.00
20210917 3595.27 3620.96 3569.27 3613.97 516850210 628834369536.00
20210922 3563.21 3629.45 3560.50 3628.49 472296053 559874703360.00
20210923 3651.27 3670.95 3632.28 3642.22 534995486 633218924544.00
20210924 3637.87 3651.43 3607.79 3613.07 507304772 606788583424.00
20210927 3625.96 3640.81 3559.92 3582.83 510802795 640673644544.00
20210928 3577.89 3610.92 3568.82 3602.22 444168807 500081983488.00
20210929 3573.52 3573.52 3518.05 3536.29 452511151 511106940928.00
20210930 3541.93 3572.43 3541.93 3568.17 395629626 445734715392.00
20211008 3609.09 3612.55 3571.73 3592.17 407161148 492964839424.00
20211011 3600.36 3614.70 3586.75 3591.71 394361159 468673822720.00
20211012 3581.30 3583.64 3515.14 3546.94 405393748 461983481856.00
20211013 3543.49 3569.13 3515.65 3561.76 325050667 405020016640.00
20211014 3555.11 3569.69 3547.18 3558.28 294969196 377519276032.00
20211015 3551.99 3578.77 3542.69 3572.37 320292984 425924722688.00
20211018 3571.05 3571.05 3539.48 3568.14 340950616 455787905024.00
20211019 3562.30 3596.79 3560.62 3593.15 334197652 440181522432.00
20211020 3583.24 3596.05 3574.30 3587.00 344245008 450482962432.00
20211021 3590.05 3610.96 3576.35 3594.78 352310867 453571674112.00
20211022 3594.75 3607.58 3578.76 3582.60 353157203 455441252352.00
20211025 3574.26 3611.09 3564.21 3609.86 321196816 443961638912.00
20211026 3612.83 3625.02 3589.71 3597.64 337278291 465179607040.00
20211027 3589.86 3589.86 3553.13 3562.31 350620940 470777790464.00
20211028 3548.70 3552.04 3509.49 3518.42 378171666 502982770688.00
20211029 3519.33 3547.34 3502.80 3547.34 358809377 527231844352.00
20211101 3530.40 3556.59 3519.29 3544.48 382251325 564100268032.00
20211102 3543.38 3559.05 3477.66 3505.63 417563173 585519464448.00
20211103 3501.11 3512.61 3480.49 3498.54 306607669 449115127808.00
20211104 3505.89 3527.95 3503.01 3526.87 319440829 468829175808.00
20211105 3520.21 3525.87 3491.46 3491.57 354533565 485823217664.00
20211108 3491.97 3507.27 3484.24 3498.63 298183722 421968084992.00
20211109 3507.11 3514.95 3489.04 3507.00 287315989 421200691200.00
20211110 3498.94 3498.94 3448.44 3492.46 307030708 443112751104.00
20211111 3486.45 3534.20 3482.83 3532.79 322087957 464803856384.00
20211112 3534.15 3543.65 3527.39 3539.10 308683354 443398356992.00
20211115 3542.90 3550.44 3521.29 3533.30 313017612 464065396736.00
20211116 3530.46 3549.77 3517.81 3521.79 310399909 444700786688.00
20211117 3518.56 3537.51 3513.52 3537.37 276735671 401552310272.00
20211118 3531.49 3537.98 3513.11 3520.71 312426927 432898310144.00
20211119 3519.28 3561.91 3517.65 3560.37 317989976 440593612800.00
20211122 3562.76 3585.19 3562.75 3582.08 330009385 509123395584.00
20211123 3580.51 3598.38 3577.36 3589.09 360011593 508083896320.00
20211124 3590.02 3602.74 3575.29 3592.70 336775246 481020411904.00
20211125 3593.39 3597.15 3579.53 3584.18 306451518 450558853120.00
20211126 3576.11 3576.11 3554.88 3564.09 301000066 434625249280.00
20211129 3528.67 3563.68 3526.36 3562.70 333618331 490038165504.00
20211130 3570.75 3582.12 3546.36 3563.89 349187938 493605519360.00
20211201 3561.89 3576.89 3558.69 3576.89 329873517 467522781184.00
20211202 3573.25 3586.87 3567.14 3573.84 354041524 468424818688.00
20211203 3576.45 3608.47 3573.21 3607.43 377551048 493565542400.00
20211206 3615.24 3626.13 3586.81 3589.31 418676743 528229662720.00
20211207 3611.22 3614.22 3572.57 3595.09 403842594 524119474176.00
20211208 3602.82 3637.72 3591.99 3637.57 361036657 486034341888.00
20211209 3641.16 3688.40 3638.70 3673.04 431918157 568529387520.00
20211210 3654.37 3667.85 3651.35 3666.35 419988801 556324225024.00
20211213 3686.94 3708.94 3678.06 3681.08 424092009 574187962368.00
20211214 3669.81 3671.68 3654.66 3661.53 362171934 487468531712.00
20211215 3655.05 3668.40 3645.24 3647.63 377477667 481134379008.00
20211216 3648.93 3675.02 3644.66 3675.02 381329507 465911349248.00
20211217 3670.26 3673.65 3631.66 3632.36 408487837 491952930816.00
20211220 3620.04 3643.95 3589.36 3593.60 423851410 491829002240.00
20211221 3591.45 3627.09 3591.45 3625.13 408184348 428379406336.00
20211222 3632.68 3635.90 3616.55 3622.62 394825177 432451321856.00
20211223 3625.47 3643.55 3618.05 3643.34 382925734 449988165632.00
20211224 3645.39 3648.96 3612.07 3618.05 390347625 476261154816.00
20211227 3613.05 3632.19 3601.94 3615.97 329235293 407482662912.00
20211228 3619.64 3631.08 3607.36 3630.11 316202242 408761368576.00
20211229 3630.92 3630.92 3596.32 3597.00 305131766 410425327616.00
20211230 3596.49 3628.92 3595.50 3619.19 307839291 413947691008.00
20211231 3626.24 3642.84 3624.94 3639.78 329681932 433489805312.00
20220104 3649.15 3651.89 3610.09 3632.33 405027769 510251073536.00
20220105 3628.26 3628.26 3583.47 3595.18 423902028 538963640320.00
20220106 3581.22 3594.49 3559.88 3586.08 371540543 474284294144.00
20220107 3588.99 3607.23 3577.10 3579.54 436306961 502891446272.00
20220110 3572.74 3593.52 3555.13 3593.52 356222610 443400847360.00
20220111 3589.90 3602.15 3562.75 3567.44 359761863 441300582400.00
20220112 3578.16 3599.50 3572.10 3597.43 343132956 435817906176.00
20220113 3601.03 3601.07 3555.16 3555.26 369368365 457005432832.00
20220114 3544.07 3548.42 3519.32 3521.26 376937024 463197634560.00
20220117 3522.09 3546.09 3519.43 3541.67 312886733 438272983040.00
20220118 3541.89 3579.31 3531.33 3569.91 377146435 470832054272.00
20220119 3567.63 3578.74 3541.66 3558.18 333235269 420763369472.00
20220120 3556.23 3576.26 3540.55 3555.06 379509846 459701846016.00
20220121 3546.75 3547.00 3514.89 3522.57 326534880 417768931328.00
20220124 3508.24 3531.61 3500.14 3524.11 280268342 358009700352.00
20220125 3509.28 3519.83 3433.06 3433.06 327353813 383727730688.00
20220126 3442.69 3462.12 3417.76 3455.67 275122828 338312364032.00
20220127 3456.10 3456.36 3392.02 3394.25 280606534 346533953536.00
20220128 3407.59 3417.05 3356.56 3361.44 290855257 353774600192.00
20220207 3407.76 3434.03 3407.76 3429.58 320485211 357140430848.00
20220208 3428.54 3453.19 3390.46 3452.63 366093865 387969875968.00
20220209 3450.82 3484.74 3444.08 3479.95 350249936 393720004608.00
20220210 3481.91 3488.86 3464.22 3485.91 355666267 404969422848.00
20220211 3472.28 3500.15 3459.33 3462.95 361356090 426297917440.00
20220214 3451.85 3457.26 3415.45 3428.88 315274448 361677848576.00
20220215 3428.04 3447.49 3421.64 3446.09 275559322 341638873088.00
20220216 3457.07 3475.06 3453.80 3465.83 274993913 325563416576.00
20220217 3464.21 3480.97 3454.28 3468.04 297262682 355783114752.00
20220218 3451.63 3490.76 3447.03 3490.76 295149963 327220396032.00
20220221 3488.41 3492.20 3471.69 3490.61 301541740 345398575104.00
20220222 3473.29 3473.39 3437.67 3457.15 326279484 387678928896.00
20220223 3458.51 3490.76 3458.18 3489.15 325604895 415630327808.00
20220224 3474.37 3486.98 3400.21 3429.96 488354901 569794035712.00
20220225 3445.34 3480.18 3440.93 3451.41 377542556 441659490304.00
20220228 3450.32 3462.31 3425.52 3462.31 345838388 413804527616.00
20220301 3471.36 3491.13 3465.72 3488.83 326001662 412562456576.00
20220302 3478.29 3486.62 3467.00 3484.19 329367684 380143828992.00
20220303 3495.93 3500.29 3473.34 3481.11 412594289 443621769216.00
20220304 3459.98 3474.88 3437.70 3447.65 393526581 430669070336.00
20220307 3438.56 3438.56 3360.74 3372.86 393588999 458156900352.00
20220308 3372.55 3383.63 3287.34 3293.53 415926766 485623595008.00
20220309 3303.71 3321.48 3147.68 3256.39 466285569 519833288704.00
20220310 3312.18 3326.58 3291.24 3296.09 378336376 466084003840.00
20220311 3259.32 3315.66 3217.42 3309.75 384067127 458687053824.00
20220314 3271.89 3297.80 3223.53 3223.53 337968687 418055585792.00
20220315 3192.36 3196.92 3063.97 3063.97 465037164 508158410752.00
20220316 3107.67 3177.79 3023.30 3170.71 444667189 522305339392.00
20220317 3215.01 3260.17 3202.93 3215.04 420813458 532549468160.00
20220318 3207.15 3260.78 3197.36 3251.07 373035611 428415090688.00
20220321 3255.62 3267.50 3223.39 3253.69 354228488 421076303872.00
20220322 3249.54 3279.11 3239.53 3259.86 361196158 402798968832.00
20220323 3264.79 3279.89 3251.98 3271.03 349875370 405422047232.00
20220324 3256.06 3266.89 3236.66 3250.26 329006654 390727532544.00
20220325 3247.16 3257.11 3211.64 3212.24 340020006 389770412032.00
20220328 3185.17 3230.22 3159.83 3214.50 344994873 374472278016.00
20220329 3216.01 3229.18 3196.46 3203.94 316273649 363964465152.00
20220330 3217.59 3266.60 3216.30 3266.60 366753677 413008953344.00
20220331 3256.14 3272.04 3246.06 3252.20 398439934 428089049088.00
20220401 3234.67 3287.23 3226.30 3282.72 378210460 405675704320.00
20220406 3269.43 3288.11 3255.69 3283.43 429642779 433556389888.00
20220407 3267.81 3290.26 3236.48 3236.70 402626660 398081851392.00
20220408 3239.88 3257.09 3208.35 3251.85 413826799 414037245952.00
20220411 3239.86 3239.86 3156.51 3167.13 424160185 435129516032.00
20220412 3165.12 3214.54 3140.90 3213.33 418321923 422455836672.00
20220413 3199.80 3225.47 3183.53 3186.82 391156925 398216888320.00
20220414 3203.63 3240.00 3200.23 3225.64 371242344 401191632896.00
20220415 3210.70 3229.87 3200.13 3211.24 407842082 413498834944.00
20220418 3185.94 3204.03 3166.98 3195.52 347365123 366380810240.00
20220419 3192.09 3207.83 3174.71 3194.03 339944104 362769874944.00
20220420 3189.89 3191.83 3142.05 3151.05 362047037 373572698112.00
20220421 3138.43 3160.90 3069.68 3079.81 391934694 396542050304.00
20220422 3058.40 3105.66 3049.36 3086.92 342000563 348793634816.00
20220425 3034.27 3043.82 2928.51 2928.51 433606108 427077206016.00
20220426 2930.45 2957.68 2878.26 2886.43 401615154 395985977344.00
20220427 2866.82 2959.18 2863.65 2958.28 423060191 422928351232.00
20220428 2945.81 2991.51 2936.79 2975.48 375371775 388743036928.00
20220429 2986.06 3048.49 2968.33 3047.06 423932794 440422727680.00
20220505 3044.85 3082.23 3042.12 3067.76 383072875 409352011776.00
20220506 3011.32 3030.69 2992.72 3001.56 343264218 346214400000.00
20220509 2990.20 3015.94 2983.61 3004.14 292061556 299983273984.00
20220510 2965.78 3043.78 2957.40 3035.84 370660980 384012582912.00
20220511 3035.39 3100.90 3034.67 3058.70 423991912 472963383296.00
20220512 3044.80 3072.16 3032.95 3054.99 344440477 368879665152.00
20220513 3068.03 3086.10 3059.25 3084.28 331737852 340942192640.00
20220516 3100.55 3102.58 3063.40 3073.75 338108492 348957704192.00
20220517 3076.50 3093.70 3057.64 3093.70 330356537 351671287808.00
20220518 3095.89 3105.84 3071.31 3085.98 315037923 338849169408.00
20220519 3046.71 3096.96 3042.67 3096.96 336600749 360018214912.00
20220520 3107.09 3146.57 3107.09 3146.57 372336636 415306219520.00
20220523 3150.49 3150.51 3127.90 3146.86 353376325 381178576896.00
20220524 3149.06 3153.13 3070.93 3070.93 416312158 438605381632.00
20220525 3070.17 3107.63 3069.95 3107.46 342259227 342322151424.00
20220526 3111.48 3133.28 3079.48 3123.11 370305518 377364643840.00
20220527 3135.03 3151.05 3112.54 3130.24 359463866 372631601152.00
20220530 3141.96 3150.89 3123.15 3149.06 349362285 376667701248.00
20220531 3149.94 3188.60 3142.00 3186.43 374523265 432528031744.00
20220601 3179.69 3190.61 3160.04 3182.16 365664432 402419941376.00
20220602 3170.31 3197.28 3163.76 3195.46 361770632 413729259520.00
20220606 3196.96 3237.07 3181.65 3236.37 422027835 517314347008.00
20220607 3235.42 3253.09 3222.64 3241.76 402203220 482203205632.00
20220608 3245.02 3266.63 3216.01 3263.79 434183270 508408528896.00
20220609 3259.49 3270.56 3223.48 3238.95 422728372 468458209280.00
20220610 3214.18 3286.62 3210.81 3284.83 439865730 504153669632.00
20220613 3256.28 3272.99 3229.31 3255.55 438578312 511966183424.00
20220614 3224.21 3289.13 3195.82 3288.91 450388187 513845002240.00
20220615 3289.10 3358.55 3288.85 3305.41 550584131 621972553728.00
20220616 3306.84 3319.69 3277.53 3285.38 433220868 506053984256.00
20220617 3265.51 3323.28 3262.89 3316.79 395300700 497252171776.00
20220620 3315.78 3333.90 3292.93 3315.43 413460410 527751774208.00
20220621 3313.79 3329.39 3279.83 3306.72 394456891 471793631232.00
20220622 3309.12 3311.02 3266.54 3267.20 375529782 440851005440.00
20220623 3269.05 3320.15 3262.29 3320.15 400614211 474200113152.00
20220624 3324.74 3356.71 3322.95 3349.75 390819734 509615996928.00
20220627 3364.00 3393.31 3364.00 3379.19 414117738 541573840896.00
20220628 3377.68 3412.10 3358.87 3409.21 412056516 525512507392.00
20220629 3399.68 3414.65 3358.47 3361.52 440573559 561306992640.00
20220630 3358.93 3417.01 3358.93 3398.62 381243178 510307205120.00
20220701 3400.26 3404.05 3378.36 3387.64 350489299 458435297280.00
20220704 3381.82 3405.62 3364.09 3405.43 357737919 489347940352.00
20220705 3411.13 3424.84 3372.06 3404.03 411699672 516605706240.00
20220706 3391.03 3391.03 3333.10 3355.35 384630047 487474659328.00
20220707 3353.13 3375.86 3332.31 3364.40 334400202 438203121664.00
20220708 3380.37 3386.31 3354.12 3356.08 322921072 421883936768.00
20220711 3341.10 3341.10 3297.01 3313.58 342669193 424942272512.00
20220712 3307.22 3319.25 3277.08 3281.47 334600539 410950565888.00
20220713 3279.60 3297.02 3266.48 3284.29 331845669 394134618112.00
20220714 3277.45 3299.25 3261.49 3281.74 355926432 431969337344.00
20220715 3261.38 3288.92 3228.06 3228.06 380156371 460877004800.00
20220718 3235.09 3278.47 3226.23 3278.10 348346022 423357284352.00
20220719 3278.72 3283.93 3256.02 3279.43 315651918 396042371072.00
20220720 3291.55 3308.35 3287.74 3304.72 301515123 383422758912.00
20220721 3297.66 3300.53 3272.00 3272.00 332358707 420696588288.00
20220722 3276.20 3293.64 3246.73 3269.97 300690066 383576014848.00
20220725 3269.71 3273.18 3243.03 3250.39 271245744 348281864192.00
20220726 3254.19 3282.41 3246.04 3277.44 259468676 334421590016.00
20220727 3271.78 3282.57 3265.73 3275.76 249131485 339768246272.00
20220728 3287.50 3305.71 3277.11 3282.58 288055056 395925553152.00
20220729 3282.81 3294.80 3246.37 3253.24 307331047 410553090048.00
20220801 3246.62 3264.30 3225.55 3259.96 292204805 399000240128.00
20220802 3231.26 3231.26 3155.19 3186.27 394176168 475962703872.00
20220803 3188.89 3217.55 3159.46 3163.67 324885673 455409762304.00
20220804 3179.43 3191.00 3155.70 3189.04 260898943 371146915840.00
20220805 3195.23 3228.89 3184.45 3227.03 274683729 414055628800.00
20220808 3218.85 3237.97 3214.08 3236.93 254268050 392277164032.00
20220809 3235.74 3248.77 3227.54 3247.43 259605467 391415562240.00
20220810 3242.36 3253.17 3217.81 3230.02 257583592 390066110464.00
20220811 3243.47 3281.67 3237.90 3281.67 300605376 427399151616.00
20220812 3275.77 3288.22 3272.84 3276.89 299932928 403906166784.00
20220815 3268.37 3286.89 3261.82 3276.09 287106773 387257729024.00
20220816 3278.68 3295.02 3271.57 3277.88 303592274 409210093568.00
20220817 3282.10 3296.00 3263.35 3292.53 326124759 423858995200.00
20220818 3286.37 3289.14 3270.56 3277.54 301694778 418075213824.00
20220819 3275.62 3286.49 3258.06 3258.08 333535471 457863364608.00
20220822 3249.70 3278.17 3247.19 3277.79 314537869 427653300224.00
20220823 3274.43 3284.60 3262.63 3276.22 316566356 418311733248.00
20220824 3279.17 3281.88 3212.39 3215.20 366140577 458360291328.00
20220825 3223.46 3248.35 3199.12 3246.25 336196165 419464282112.00
20220826 3250.63 3266.27 3232.28 3236.22 309927554 397556252672.00
20220829 3203.10 3240.73 3199.00 3240.73 297015097 363729977344.00
20220830 3240.18 3243.75 3212.63 3227.22 294318914 353775681536.00
20220831 3216.53 3232.02 3184.39 3202.14 344408829 431758016512.00
20220901 3196.54 3214.56 3181.63 3184.98 274660541 336978640896.00
20220902 3189.64 3198.28 3173.79 3186.48 250456911 313337610240.00
20220905 3183.95 3199.91 3172.04 3199.91 280675633 339591528448.00
20220906 3207.93 3244.64 3203.82 3243.45 318869689 378636075008.00
20220907 3232.14 3253.77 3227.82 3246.29 301014466 368608739328.00
20220908 3245.56 3253.70 3233.80 3235.59 281680358 328657076224.00
20220909 3241.18 3266.20 3236.51 3262.05 283827665 338566709248.00
20220913 3272.05 3278.17 3259.66 3263.80 276189823 339021889536.00
20220914 3224.68 3250.80 3221.96 3237.54 255193365 306452824064.00
20220915 3248.97 3254.18 3174.39 3199.92 325206121 392490582016.00
20220916 3189.83 3191.83 3126.40 3126.40 316475893 355085352960.00
20220919 3122.75 3135.56 3101.22 3115.60 249113662 289918812160.00
20220920 3127.84 3140.03 3114.04 3122.41 219942534 268600295424.00
20220921 3116.01 3129.82 3091.30 3117.18 232972496 269513752576.00
20220922 3098.77 3125.68 3092.82 3108.91 221140689 269978599424.00
20220923 3106.81 3124.66 3072.24 3088.37 243057719 285552902144.00
20220926 3067.57 3102.65 3048.51 3051.23 262698628 293536432128.00
20220927 3056.39 3094.04 3048.37 3093.86 232735303 290065711104.00
20220928 3089.10 3089.10 3044.86 3045.07 230098650 276039729152.00
20220929 3067.47 3076.76 3026.08 3041.20 230030416 276441071616.00
20220930 3042.17 3054.61 3021.93 3024.39 204115336 240262774784.00
20221010 3026.94 3029.45 2968.28 2974.15 243404828 290120040448.00
20221011 2978.06 2986.91 2953.50 2979.79 208635950 246715629568.00
20221012 2976.72 3025.51 2934.09 3025.51 248013557 306871336960.00
20221013 3008.30 3036.25 3004.50 3016.36 249683281 317764796416.00
20221014 3035.03 3084.27 3035.03 3071.99 277304061 372050690048.00
20221017 3060.52 3087.19 3052.71 3084.94 262608618 349214474240.00
20221018 3094.93 3099.92 3074.22 3080.96 245634757 326002900992.00
20221019 3073.26 3081.39 3044.38 3044.38 230895310 313108332544.00
20221020 3029.30 3070.26 3013.69 3035.05 244736145 340091338752.00
20221021 3038.04 3055.42 3026.96 3038.93 245254122 315110981632.00
20221024 3034.75 3064.42 2965.17 2977.56 298085356 394725949440.00
20221025 2969.16 3001.72 2944.26 2976.28 255554160 337519280128.00
20221026 2977.56 3028.35 2977.56 2999.50 268689492 372845281280.00
20221027 3005.04 3017.26 2981.69 2982.90 265608254 381330358272.00
20221028 2967.02 2974.24 2908.98 2915.93 292531308 385261371392.00
20221031 2893.20 2926.02 2885.09 2893.48 301994203 396654149632.00
20221101 2899.50 2969.20 2896.76 2969.20 319809578 431015886848.00
20221102 2960.65 3019.05 2954.95 3003.37 325078248 457581527040.00
20221103 2981.20 3003.72 2977.72 2997.81 259348567 370653298688.00
20221104 2997.00 3081.59 2997.00 3070.80 329806740 458770087936.00
20221107 3062.86 3088.19 3054.46 3077.82 320567097 424429125632.00
20221108 3077.31 3078.28 3047.46 3064.49 256522007 338966937600.00
20221109 3064.46 3073.92 3046.19 3048.17 235637324 306860883968.00
20221110 3031.69 3047.98 3022.85 3036.13 270371798 335925903360.00
20221111 3099.65 3117.74 3070.30 3087.29 409604534 513784610816.00
20221114 3100.87 3121.41 3075.22 3083.40 361788216 454546718720.00
20221115 3081.13 3135.59 3074.50 3134.08 331470577 446460002304.00
20221116 3133.65 3145.75 3115.35 3119.98 303429844 386992898048.00
20221117 3110.96 3115.44 3087.17 3115.43 287028407 377900105728.00
20221118 3116.73 3126.71 3096.89 3097.24 299954276 389207392256.00
20221121 3078.06 3085.24 3056.17 3085.04 256045549 345025511424.00
20221122 3084.23 3118.12 3076.32 3088.94 327565927 374142828544.00
20221123 3084.74 3108.24 3075.32 3096.91 326155449 356400857088.00
20221124 3104.10 3113.24 3084.86 3089.31 267482928 308190183424.00
20221125 3085.46 3111.42 3077.97 3101.69 311431979 325426348032.00
20221128 3055.29 3080.18 3034.70 3078.55 305811284 338549342208.00
20221129 3096.11 3152.00 3096.11 3149.75 391449748 439102603264.00
20221130 3141.40 3158.57 3137.37 3151.34 372718321 404504379392.00
20221201 3187.99 3198.41 3164.53 3165.47 387013056 462184972288.00
20221202 3160.58 3170.90 3149.84 3156.14 307812484 366318682112.00
20221205 3181.92 3213.44 3177.06 3211.81 447398437 479203622912.00
20221206 3200.28 3224.82 3195.08 3212.53 373590296 435248693248.00
20221207 3204.94 3226.08 3188.67 3199.62 354113078 402146131968.00
20221208 3196.02 3206.72 3187.26 3197.35 320969294 364935610368.00
20221209 3197.12 3212.11 3182.91 3206.95 373343209 447750209536.00
20221212 3195.87 3196.72 3176.58 3179.04 333381792 394919608320.00
20221213 3179.44 3187.20 3171.48 3176.33 285821200 333539770368.00
20221214 3178.55 3189.84 3168.59 3176.53 265623569 333950681088.00
20221215 3177.20 3179.10 3158.45 3168.65 243023333 305204985856.00
20221216 3156.13 3175.35 3151.61 3167.86 259771795 307227754496.00
20221219 3165.31 3170.26 3096.10 3107.12 278513541 307934625792.00
20221220 3098.95 3100.75 3061.51 3073.77 218836766 261716066304.00
20221221 3078.33 3085.80 3060.55 3068.41 189067920 226852798464.00
20221222 3085.80 3096.24 3044.60 3054.43 223639537 266315481088.00
20221223 3038.84 3061.87 3031.54 3045.87 192020305 233335242752.00
20221226 3048.20 3071.84 3047.35 3065.56 206503893 255470272512.00
20221227 3077.75 3098.08 3074.31 3095.57 222218322 267946786816.00
20221228 3088.62 3098.65 3079.43 3087.40 224554151 260508532736.00
20221229 3076.73 3086.00 3064.46 3073.70 215570676 253916987392.00
20221230 3084.52 3096.31 3082.20 3089.26 217545344 250355957760.00
20230103 3087.51 3119.86 3073.05 3116.51 281370362 331392122880.00
20230104 3117.57 3129.09 3109.45 3123.52 273313626 316391227392.00
20230105 3132.76 3159.43 3130.23 3155.22 257003018 335635939328.00
20230106 3155.07 3170.74 3151.84 3157.64 257380255 338539839488.00
20230109 3169.37 3183.58 3165.43 3176.08 258115218 342693773312.00
20230110 3178.02 3178.16 3165.14 3169.51 232984175 310357688320.00
20230111 3172.38 3184.76 3160.89 3161.84 237742869 309248884736.00
20230112 3167.27 3171.59 3153.40 3163.45 216671305 275371851776.00
20230113 3170.35 3195.31 3167.51 3195.31 220226897 288062504960.00
20230116 3198.52 3251.37 3197.32 3227.59 306749549 413219651584.00
20230117 3229.44 3231.26 3211.76 3224.24 226592230 302611791872.00
20230118 3227.59 3234.82 3220.37 3224.41 212109730 266068180992.00
20230119 3221.52 3240.28 3210.38 3240.28 226465030 296815558656.00
20230120 3247.20 3267.06 3247.20 3264.81 273219182 329028173824.00
20230130 3308.87 3310.49 3266.76 3269.32 353325829 453177016320.00
20230131 3266.14 3277.25 3252.01 3255.67 300162957 375260741632.00
20230201 3262.20 3284.92 3245.41 3284.92 339509410 413395189760.00
20230202 3291.78 3295.76 3272.41 3285.67 333413133 428662816768.00
20230203 3275.66 3275.66 3235.35 3263.41 293342814 378648526848.00
20230206 3244.70 3250.35 3226.21 3238.70 267053107 349127278592.00
20230207 3245.23 3250.03 3233.83 3248.09 250946450 321257635840.00
20230208 3251.50 3257.11 3230.44 3232.11 234530481 293332746240.00
20230209 3227.73 3270.38 3225.77 3270.38 254754529 351760842752.00
20230210 3266.44 3269.99 3247.23 3260.67 260626926 341749858304.00
20230213 3256.99 3285.09 3252.63 3284.16 297213188 397011419136.00
20230214 3288.97 3293.73 3279.19 3293.28 270974168 355558064128.00
20230215 3294.02 3296.20 3274.55 3280.49 269939123 357621825536.00
20230216 3281.74 3308.83 3231.34 3249.03 380863545 468382515200.00
20230217 3244.73 3262.47 3223.26 3224.02 278451237 355625828352.00
20230220 3230.47 3291.04 3225.84 3290.34 325007733 397720322048.00
20230221 3291.63 3308.79 3282.44 3306.52 324409449 390691258368.00
20230222 3292.05 3307.03 3286.72 3291.15 255403985 320515604480.00
20230223 3293.52 3307.44 3275.36 3287.48 262324304 334364540928.00
20230224 3287.26 3288.39 3253.97 3267.16 234206306 308004356096.00
20230227 3257.00 3276.58 3251.72 3258.03 242855344 324605083648.00
20230228 3265.74 3280.42 3246.14 3279.61 251625032 318030151680.00
20230301 3279.14 3315.16 3272.04 3312.35 318398704 384387416064.00
20230302 3308.01 3320.74 3306.46 3310.65 328520016 389390630912.00
20230303 3314.77 3330.60 3302.62 3328.39 343996919 388860018688.00
20230306 3332.02 3333.06 3308.73 3322.03 340530446 431616819200.00
20230307 3320.21 3342.86 3284.41 3285.10 389957956 430081146880.00
20230308 3271.88 3283.25 3263.69 3283.25 260443547 312822169600.00
20230309 3285.94 3289.06 3260.00 3276.09 264021859 328825700352.00
20230310 3255.51 3262.15 3229.50 3230.08 281135410 342198583296.00
20230313 3228.12 3268.70 3228.12 3268.70 294928087 364414205952.00
20230314 3261.92 3262.00 3216.99 3245.31 319906033 409976274944.00
20230315 3261.03 3273.12 3256.86 3263.31 305168798 373276377088.00
20230316 3244.47 3257.43 3224.72 3226.89 327389632 392910209024.00
20230317 3245.26 3279.92 3240.16 3250.55 343001022 431983067136.00
20230320 3253.93 3267.99 3231.65 3234.91 392517391 480292405248.00
20230321 3240.84 3256.00 3237.89 3255.65 301810779 388047044608.00
20230322 3263.41 3279.39 3255.74 3265.75 290840462 382509088768.00
20230323 3258.78 3286.65 3252.99 3286.65 306118393 426564780032.00
20230324 3282.74 3282.74 3260.84 3265.65 324513337 430761607168.00
20230327 3261.82 3261.82 3229.70 3251.40 337861206 453585764352.00
20230328 3256.60 3264.10 3241.74 3245.38 295682660 396882935808.00
20230329 3253.62 3254.56 3229.58 3240.06 296900508 405542764544.00
20230330 3243.07 3263.74 3220.98 3261.25 299898295 401634263040.00
20230331 3263.41 3278.42 3260.04 3272.86 283613746 396689276928.00
20230403 3277.34 3299.73 3276.42 3296.40 357676775 513390575616.00
20230404 3297.18 3312.56 3290.99 3312.56 385871617 555811078144.00
20230406 3302.75 3314.53 3296.06 3312.63 327155424 506500153344.00
20230407 3312.48 3328.85 3308.06 3327.65 283032247 436372799488.00
20230410 3331.51 3332.72 3309.92 3315.36 340819845 516434329600.00
20230411 3317.08 3317.45 3298.25 3313.57 320566055 466895863808.00
20230412 3316.86 3330.71 3315.40 3327.18 343025315 482066169856.00
20230413 3321.27 3334.47 3309.25 3318.36 347862106 477587931136.00
20230414 3326.37 3340.08 3316.81 3338.15 338299275 478345428992.00
20230417 3337.06 3385.61 3336.39 3385.61 402809926 523790286848.00
20230418 3379.23 3396.17 3375.78 3393.33 348399486 474287374336.00
20230419 3391.35 3394.96 3364.64 3370.13 346123443 476496953344.00
20230420 3367.05 3371.37 3344.02 3367.03 350354965 499672383488.00
20230421 3364.00 3367.61 3301.26 3301.26 387395098 530517852160.00
20230424 3300.81 3303.09 3264.93 3275.41 354255626 473265995776.00
20230425 3276.40 3288.57 3229.45 3264.87 380895729 494240137216.00
20230426 3255.22 3277.98 3239.99 3264.10 357917842 480418136064.00
20230427 3256.23 3299.30 3253.11 3285.88 341590534 466175361024.00
20230428 3283.12 3324.88 3283.12 3323.27 401554785 514904621056.00
20230504 3306.48 3352.75 3302.03 3350.46 483364916 550494863360.00
20230505 3350.65 3364.14 3321.19 3334.50 436504494 499294437376.00
20230508 3340.99 3400.18 3340.99 3395.00 534103659 564661977088.00
20230509 3402.39 3418.95 3356.12 3357.67 573013309 619108499456.00
20230510 3347.70 3349.72 3305.25 3319.15 451739731 489553657856.00
20230511 3323.66 3333.25 3307.29 3309.55 354258271 401313955840.00
20230512 3304.46 3319.13 3271.43 3272.36 347314983 387081207808.00
20230515 3269.88 3310.74 3235.87 3310.74 388045887 431706865664.00
20230516 3310.16 3317.90 3282.49 3290.99 322479410 385386020864.00
20230517 3281.97 3298.52 3269.89 3284.23 285744050 340482654208.00
20230518 3288.41 3313.86 3284.17 3297.32 309967472 368435068928.00
20230519 3288.89 3302.34 3268.22 3283.54 285404064 359507951616.00
20230522 3278.60 3308.53 3276.54 3296.47 273889998 342448406528.00
20230523 3294.79 3298.23 3246.24 3246.24 275279083 324667932672.00
20230524 3237.70 3237.70 3204.38 3204.75 288720257 342677323776.00
20230525 3197.36 3207.02 3168.57 3201.26 283588925 347709243392.00
20230526 3198.88 3220.77 3179.82 3212.50 261700479 333319274496.00
20230529 3219.76 3230.97 3208.96 3221.45 297389487 377875988480.00
20230530 3214.67 3230.63 3186.63 3224.21 303532460 376622579712.00
20230531 3214.66 3216.36 3190.27 3204.56 294573338 384999194624.00
20230601 3196.15 3225.09 3189.52 3204.63 312330759 400981491712.00
20230602 3212.45 3233.99 3211.74 3230.07 294667098 377507938304.00
20230605 3231.81 3244.18 3221.63 3232.44 278060203 357810077696.00
20230606 3228.41 3247.35 3189.27 3195.34 308285872 387492216832.00
20230607 3197.47 3210.33 3188.01 3197.76 258063400 331083874304.00
20230608 3194.83 3225.53 3180.54 3213.59 293530741 353551646720.00
20230609 3213.03 3231.41 3206.10 3231.41 314155501 413341777920.00
20230612 3225.30 3239.44 3210.71 3228.83 313784444 403241631744.00
20230613 3223.90 3235.09 3215.50 3233.67 280628454 377193496576.00
20230614 3238.12 3248.46 3226.77 3228.99 303537260 404009517056.00
20230615 3230.45 3252.98 3229.15 3252.98 313255752 437522989056.00
20230616 3256.30 3276.55 3255.50 3273.33 326281846 444375629824.00
20230619 3271.16 3271.16 3251.78 3255.81 327753047 455226163200.00
20230620 3252.54 3252.84 3237.79 3240.36 298260596 433243979776.00
20230621 3230.11 3236.36 3197.90 3197.90 294377372 406234562560.00
20230626 3177.23 3181.08 3144.25 3150.62 308129811 398859665408.00
20230627 3153.31 3194.41 3148.27 3189.44 287604327 354487795712.00
20230628 3183.49 3192.66 3157.12 3189.38 276231948 360118190080.00
20230629 3185.42 3196.50 3179.53 3182.38 250340074 340636696576.00
20230630 3178.92 3212.99 3177.99 3202.06 265379873 359739555840.00
20230703 3209.16 3246.86 3209.16 3243.98 312371395 421353488384.00
20230704 3241.23 3246.96 3233.99 3245.35 279248721 387115941888.00
20230705 3240.05 3241.84 3218.60 3222.95 264016426 351234981888.00
20230706 3215.86 3229.48 3199.72 3205.57 246119032 320808321024.00
20230707 3197.47 3212.05 3189.21 3196.61 255688469 313607454720.00
20230710 3208.73 3216.53 3192.66 3203.70 236560367 311462494208.00
20230711 3211.12 3221.68 3200.38 3221.37 227600467 309950251008.00
20230712 3220.38 3224.33 3193.44 3196.13 271423386 365433192448.00
20230713 3202.70 3238.47 3202.70 3236.48 276620508 373242527744.00
20230714 3240.97 3248.38 3234.00 3237.70 273327494 368337813504.00
20230717 3219.02 3219.02 3195.89 3209.63 250208376 322074509312.00
20230718 3206.79 3210.25 3190.00 3197.82 235030259 307331661824.00
20230719 3195.01 3204.36 3181.56 3198.84 217355860 281206095872.00
20230720 3201.91 3209.06 3165.67 3169.52 238932891 302376026112.00
20230721 3163.42 3185.64 3157.33 3167.75 225331363 280673189888.00
20230724 3157.47 3178.73 3151.13 3164.16 216595211 260119085056.00
20230725 3201.46 3231.75 3201.46 3231.52 348617714 410846593024.00
20230726 3228.09 3229.89 3212.88 3223.03 317206051 328306917376.00
20230727 3225.48 3245.60 3210.47 3216.67 327118867 332145065984.00
20230728 3206.74 3280.28 3200.99 3275.93 411068434 436923629568.00
20230731 3287.21 3322.13 3281.01 3291.04 459030994 511505334272.00
20230801 3288.76 3305.34 3279.57 3290.95 459890833 441023332352.00
20230802 3281.86 3290.82 3252.30 3261.69 405341499 388952719360.00
20230803 3254.57 3280.86 3247.27 3280.46 384691317 389530681344.00
20230804 3296.09 3315.05 3281.73 3288.08 470927697 497188077568.00
20230807 3276.78 3276.78 3258.54 3268.83 360341484 393056944128.00
20230808 3260.72 3274.52 3246.67 3260.62 316520733 355750313984.00
20230809 3251.15 3257.08 3240.29 3244.49 271218538 309778284544.00
20230810 3242.21 3257.03 3234.12 3254.56 287412142 307263307776.00
20230811 3254.48 3254.48 3189.25 3189.25 330137750 339187138560.00
20230814 3159.71 3180.51 3141.66 3178.43 299840327 322632056832.00
20230815 3180.56 3186.23 3147.35 3176.18 273251922 300828000256.00
20230816 3164.70 3176.63 3149.72 3150.13 281728292 303611346944.00
20230817 3137.35 3167.45 3123.25 3163.74 294692586 320785481728.00
20230818 3165.10 3179.12 3131.95 3131.95 294390352 320449019904.00
20230821 3125.99 3134.96 3092.98 3092.98 265753423 293721047040.00
20230822 3103.78 3126.78 3074.53 3120.33 309316335 348637691904.00
20230823 3116.27 3116.38 3077.61 3078.40 272244124 297986359296.00
20230824 3085.91 3106.18 3072.95 3082.24 300024637 332447842304.00
20230825 3068.62 3085.05 3053.04 3064.07 293347686 317757161472.00
20230828 3219.04 3219.04 3089.12 3098.64 485607764 517234130944.00
20230829 3091.94 3145.76 3090.44 3135.89 398875780 443979431936.00
20230830 3144.41 3153.69 3126.90 3137.14 347511867 414729469952.00
20230831 3134.55 3139.98 3113.95 3119.88 313448242 362507141120.00
20230901 3126.02 3143.85 3123.19 3133.25 292310992 334739636224.00
20230904 3145.94 3177.06 3143.38 3177.06 366391140 404500283392.00
20230905 3169.74 3169.74 3150.08 3154.37 294061849 342760620032.00
20230906 3147.14 3162.15 3136.90 3158.08 267002230 324001136640.00
20230907 3152.20 3152.27 3120.82 3122.35 269264733 317186965504.00
20230908 3114.23 3126.04 3104.67 3116.72 228125064 270006714368.00
20230911 3119.61 3155.10 3113.82 3142.78 290442917 351883722752.00
20230912 3140.34 3147.51 3134.32 3137.06 234672051 281897500672.00
20230913 3137.77 3143.76 3106.97 3123.07 249701038 282015563776.00
20230914 3124.85 3135.03 3111.86 3126.55 263990138 281641844736.00
20230915 3133.59 3141.96 3107.45 3117.74 292026365 326091440128.00
20230918 3110.44 3128.70 3098.50 3125.93 259444257 299644715008.00
20230919 3123.99 3131.13 3113.53 3124.96 253652761 274062671872.00
20230920 3118.67 3122.13 3108.16 3108.57 228124462 243020005376.00
20230921 3103.18 3113.49 3084.70 3084.70 228659100 243536281600.00
20230922 3084.76 3132.56 3078.80 3132.43 285978351 321443790848.00
20230925 3131.21 3131.21 3112.15 3115.61 258071885 294635831296.00
20230926 3114.02 3120.29 3102.27 3102.27 222644313 270006124544.00
20230927 3104.04 3125.45 3103.84 3107.32 240495830 293421023232.00
20230928 3117.75 3121.84 3105.94 3110.48 236329981 288396214272.00
20231009 3100.00 3103.36 3072.64 3096.92 264422205 302662156288.00
20231010 3104.37 3109.98 3073.19 3075.24 255327379 293653282816.00
20231011 3085.70 3095.66 3071.94 3078.96 259918692 326562381824.00
20231012 3101.71 3109.99 3092.18 3107.90 274827998 325865897984.00
20231013 3092.00 3094.92 3080.55 3088.10 255085235 309538095104.00
20231016 3091.06 3091.13 3063.69 3073.81 263882363 314394214400.00
20231017 3076.43 3084.07 3064.89 3083.50 259019588 300026232832.00
20231018 3076.58 3076.58 3057.06 3058.71 268647155 310306045952.00
20231019 3043.20 3043.20 3004.77 3005.39 304038910 355069165568.00
20231020 2995.36 3006.27 2977.17 2983.06 267113594 307388383232.00
20231023 2969.79 2973.66 2923.51 2939.29 278904128 304028975104.00
20231024 2944.31 2964.76 2929.09 2962.24 310985389 339902169088.00
20231025 2986.41 2993.30 2972.42 2974.11 332392004 362846650368.00
20231026 2960.10 2990.33 2956.01 2988.30 291814511 332258836480.00
20231027 2978.40 3029.21 2974.88 3017.78 321803717 385692303360.00
20231030 3009.61 3028.26 3002.35 3021.55 360604238 439587962880.00
20231031 3019.65 3023.00 3006.61 3018.77 319859967 386277212160.00
20231101 3038.18 3038.33 3013.93 3023.08 280110445 347121451008.00
20231102 3028.66 3038.64 3009.12 3009.41 268794581 311936385024.00
20231103 3012.47 3040.98 3012.47 3030.80 268486347 329300475904.00
20231106 3047.13 3058.99 3037.69 3058.41 372949630 447638175744.00
20231107 3052.92 3064.58 3042.47 3057.27 326853455 401065574400.00
20231108 3051.15 3062.99 3037.29 3052.37 335677834 415289245696.00
20231109 3047.65 3063.47 3045.83 3053.28 315621764 388556750848.00
20231110 3043.56 3044.00 3027.09 3038.97 285546497 346913079296.00
20231113 3044.03 3048.62 3028.17 3046.53 290430588 344120033280.00
20231114 3046.82 3059.53 3044.43 3056.07 294844733 358249824256.00
20231115 3077.03 3080.13 3064.35 3072.83 304250107 389515968512.00
20231116 3066.86 3071.45 3050.93 3050.93 271079460 329364373504.00
20231117 3043.62 3055.86 3033.75 3054.37 267606393 328568602624.00
20231120 3056.93 3072.51 3043.51 3068.32 287556998 367109308416.00
20231121 3074.83 3089.77 3063.34 3067.93 330733102 391558037504.00
20231122 3060.50 3067.96 3043.61 3043.61 289056490 330385489920.00
20231123 3041.68 3062.87 3034.30 3061.86 276592059 315612528640.00
20231124 3060.33 3060.33 3037.20 3040.97 287788413 311509352448.00
20231127 3038.19 3038.36 3015.01 3031.70 310517868 350705844224.00
20231128 3028.60 3039.69 3020.23 3038.55 268920746 317303685120.00
20231129 3038.46 3038.98 3017.66 3021.69 277956448 322141192192.00
20231130 3021.10 3030.91 3013.77 3029.67 282945357 326755680256.00
20231201 3027.35 3035.76 3010.23 3031.64 286089700 335547170816.00
20231204 3033.30 3038.98 3022.35 3022.91 288162053 344279711744.00
20231205 3017.01 3017.01 2972.30 2972.30 293943278 340454473728.00
20231206 2966.95 2985.31 2959.60 2968.93 294104187 336218914816.00
20231207 2965.65 2976.01 2949.14 2966.21 296243687 348039610368.00
20231208 2965.39 2980.83 2962.33 2969.56 369138705 423492321280.00
20231211 2956.29 2995.67 2930.42 2991.44 360216344 405351596032.00
20231212 2986.33 3003.75 2980.45 3003.44 287638762 333170573312.00
20231213 2997.34 2997.34 2968.76 2968.76 282754098 331476598784.00
20231214 2979.70 2986.18 2958.07 2958.99 271457650 312658132992.00
20231215 2966.30 2976.31 2940.03 2942.56 289327642 322083684352.00
20231218 2936.58 2951.15 2924.33 2930.80 293086999 304915906560.00
20231219 2928.76 2940.50 2914.13 2932.39 265926980 283234140160.00
20231220 2932.12 2937.10 2902.04 2902.11 265562454 290838413312.00
20231221 2892.02 2924.26 2882.02 2918.71 282541827 315943780352.00
20231222 2919.29 2935.70 2906.51 2914.78 296628367 327498006528.00
20231225 2909.88 2920.63 2903.99 2918.81 229814178 261487247360.00
20231226 2917.97 2917.97 2892.84 2898.88 228140855 260220551168.00
20231227 2900.15 2917.96 2890.17 2914.61 247900882 279048617984.00
20231228 2913.11 2961.65 2909.39 2954.70 339213116 392449064960.00
20231229 2950.84 2975.03 2950.02 2974.93 290672687 349002956800.00
20240102 2972.78 2976.27 2962.28 2962.28 304141793 345950715904.00
20240103 2957.11 2971.28 2953.29 2967.25 285455945 321018396672.00
20240104 2965.51 2966.68 2936.63 2954.35 264980924 296291336192.00
20240105 2949.82 2967.97 2916.72 2929.18 301040239 325917016064.00
20240108 2923.46 2924.46 2887.54 2887.54 270275055 290730573824.00
20240109 2887.11 2900.73 2878.41 2893.25 262955975 294446366720.00
20240110 2886.98 2903.16 2870.42 2877.70 244046526 281192202240.00
20240111 2873.80 2896.18 2867.72 2886.65 267050764 298552524800.00
20240112 2880.04 2904.17 2878.88 2881.98 261602931 282877460480.00
20240115 2872.56 2904.46 2869.22 2886.29 244611236 269229735936.00
20240116 2881.56 2896.68 2861.13 2893.99 286286714 300837928960.00
20240117 2887.29 2887.49 2833.62 2833.62 261251308 283073937408.00
20240118 2822.67 2849.26 2760.98 2845.78 390396855 400709910528.00
20240119 2836.97 2849.88 2822.84 2832.28 266664388 296717058048.00
20240122 2826.50 2828.32 2735.37 2756.34 350165758 359918993408.00
20240123 2746.89 2784.84 2724.16 2770.98 308749417 312191320064.00
20240124 2782.14 2823.70 2743.40 2820.77 369070600 357316165632.00
20240125 2823.83 2906.79 2821.71 2906.11 442009045 437679816704.00
20240126 2897.91 2924.31 2890.48 2910.22 421109084 402400215040.00
20240129 2910.61 2923.90 2883.33 2883.36 410581311 397014728704.00
20240130 2866.28 2881.35 2829.25 2830.53 335661226 329254010880.00
20240131 2815.50 2834.01 2782.59 2788.55 377103965 355637002240.00
20240201 2773.42 2805.01 2752.78 2770.74 352889185 337547952128.00
20240202 2773.29 2791.68 2666.33 2730.15 426230199 392661139456.00
20240205 2716.08 2739.74 2635.09 2702.19 478990292 424877424640.00
20240206 2680.48 2802.93 2669.67 2789.49 502849313 441215057920.00
20240207 2791.51 2829.70 2770.53 2829.70 547117439 495919890432.00
20240208 2832.49 2867.47 2827.90 2865.90 531108893 482939731968.00
20240219 2886.59 2910.54 2867.71 2910.54 458967704 442148454400.00
20240220 2902.88 2927.31 2887.47 2922.73 350138735 357057495040.00
20240221 2906.02 2994.61 2898.05 2950.96 444245463 450922053632.00
20240222 2945.45 2988.36 2944.50 2988.36 354132536 365264207872.00
20240223 2992.91 3009.14 2979.97 3004.88 380083270 398232223744.00
20240226 3002.12 3009.48 2967.06 2977.02 409026558 427564892160.00
20240227 2966.42 3015.48 2961.15 3015.48 372984687 412614983680.00
20240228 3016.26 3031.49 2957.85 2957.85 544109093 576555253760.00
20240229 2943.62 3015.17 2943.62 3015.17 409696374 452808736768.00
20240301 3013.82 3032.23 3003.76 3027.02 379132184 442984235008.00
20240304 3026.61 3040.34 3007.68 3039.31 387760002 461727531008.00
20240305 3027.10 3052.54 3022.18 3047.79 383509955 458900471808.00
20240306 3041.75 3060.56 3034.35 3039.93 340982739 401334632448.00
20240307 3040.21 3063.69 3023.12 3027.40 377154391 423391264768.00
20240308 3026.17 3049.19 3016.90 3046.02 319204392 370647465984.00
20240311 3042.62 3068.46 3035.45 3068.46 361608821 427851350016.00
20240312 3068.18 3075.13 3044.86 3055.94 415743914 494558511104.00
20240313 3053.34 3061.95 3031.90 3043.83 365047453 442453950464.00
20240314 3042.41 3060.00 3020.64 3038.23 364072290 436338851840.00
20240315 3031.52 3056.45 3023.22 3054.64 360268463 405917696000.00
20240318 3057.21 3085.31 3055.92 3084.93 406653508 485520637952.00
20240319 3077.98 3090.05 3062.63 3062.76 384123680 446930649088.00
20240320 3058.65 3081.75 3056.65 3079.69 349187729 407432560640.00
20240321 3084.41 3090.05 3069.27 3077.11 366877968 437634629632.00
20240322 3070.55 3073.21 3027.76 3048.03 394740486 456762458112.00
20240325 3040.50 3065.26 3026.31 3026.31 387485389 443472347136.00
20240326 3026.92 3036.49 3006.26 3031.48 345928787 396410716160.00
20240327 3026.81 3030.45 2993.14 2993.14 343198010 376242896896.00
20240328 2988.59 3033.37 2984.12 3010.66 353200026 392929083392.00
20240329 3008.38 3041.30 3008.17 3041.17 334822785 364571197440.00
20240401 3049.02 3078.49 3049.02 3077.38 375393640 420902010880.00
20240402 3076.88 3085.54 3063.98 3074.96 367304262 396705824768.00
20240403 3074.89 3079.02 3057.40 3069.30 363211380 392704393216.00
20240408 3057.33 3077.35 3045.47 3047.05 402936740 421808406528.00
20240409 3044.61 3051.59 3033.21 3048.54 333489965 347834679296.00
20240410 3045.96 3049.61 3013.59 3027.33 348991721 364717834240.00
20240411 3013.57 3050.34 3009.90 3034.25 340894392 364147834880.00
20240412 3035.58 3043.56 3014.83 3019.47 334229771 363119181824.00
20240415 3013.67 3066.94 2995.54 3057.38 461239244 459849039872.00
20240416 3043.55 3052.43 3005.34 3007.07 448070473 435170803712.00
20240417 3008.06 3071.38 3002.06 3071.38 413358368 416254656512.00
20240418 3060.03 3102.55 3057.76 3074.22 416321349 441432080384.00
20240419 3060.30 3080.32 3055.06 3065.26 375543855 396614926336.00
20240422 3059.06 3078.42 3042.54 3044.60 357216399 382192254976.00
20240423 3038.61 3044.94 3016.52 3021.98 325595128 348651749376.00
20240424 3029.40 3045.64 3019.12 3044.82 305264093 335157362688.00
20240425 3037.93 3060.26 3034.65 3052.90 292280148 315797667840.00
20240426 3054.98 3092.43 3054.98 3088.64 439382563 484160077824.00
20240429 3086.68 3119.69 3080.59 3113.04 506925445 554918805504.00
20240430 3110.16 3123.29 3104.29 3104.82 440213213 473803227136.00
20240506 3132.51 3142.38 3126.77 3140.72 450656899 511256133632.00
20240507 3139.66 3151.22 3133.69 3147.74 379102564 426951671808.00
20240508 3141.49 3144.99 3126.17 3128.48 334000320 367220129792.00
20240509 3128.16 3158.46 3128.16 3154.32 360881462 398979072000.00
20240510 3158.59 3163.14 3137.15 3154.55 384287495 406707830784.00
20240513 3139.48 3157.37 3126.17 3148.02 397030565 425963094016.00
20240514 3148.85 3155.81 3137.61 3145.77 343526194 370069667840.00
20240515 3141.25 3142.97 3117.93 3119.90 321027962 333005619200.00
20240516 3127.18 3137.88 3116.16 3122.40 367417361 377502924800.00
20240517 3121.71 3154.03 3116.78 3154.03 383915244 389572558848.00
20240520 3156.15 3174.27 3155.99 3171.15 426867280 448816906240.00
20240521 3164.68 3165.22 3148.34 3157.97 335783572 346584186880.00
20240522 3157.19 3166.92 3152.46 3158.54 354098082 364137840640.00
20240523 3149.88 3150.63 3110.28 3116.39 353943727 356689477632.00
20240524 3110.75 3130.42 3087.79 3088.87 306532279 322748612608.00
20240527 3094.14 3125.51 3091.99 3124.04 319396765 345383763968.00
20240528 3122.39 3130.31 3106.36 3109.57 310066974 320985399296.00
20240529 3108.03 3128.14 3100.98 3111.02 289970346 297512173568.00
20240530 3103.71 3121.22 3085.38 3091.68 302380762 318475173888.00
20240531 3094.76 3107.60 3086.81 3086.81 276072816 301121896448.00
20240603 3085.98 3097.20 3061.28 3078.49 357563362 367608365056.00
20240604 3071.32 3095.32 3063.59 3091.20 309287598 325589696512.00
20240605 3086.05 3092.35 3064.74 3065.40 290542344 299722768384.00
20240606 3069.44 3077.67 3040.83 3048.79 369867104 371317014528.00
20240607 3053.92 3065.02 3031.04 3051.28 316342484 318911086592.00
20240611 3042.13 3043.20 3013.86 3028.05 310481942 332683378688.00
20240612 3025.30 3042.04 3021.31 3037.47 279452106 312058609664.00
20240613 3038.09 3040.40 3022.82 3028.92 297862463 336871030784.00
20240614 3020.96 3037.90 3011.58 3032.63 348746753 396194709504.00
20240617 3017.72 3026.62 3012.05 3015.89 295763448 338146885632.00
20240618 3015.07 3031.98 3012.52 3030.25 273625999 317320003584.00
20240619 3029.10 3030.23 3015.33 3018.05 261296248 300290277376.00
20240620 3015.72 3028.51 3001.77 3005.44 295515907 324101275648.00
20240621 2998.24 3011.91 2985.93 2998.14 255001251 280275386368.00
20240624 2982.83 2990.64 2960.13 2963.10 298653884 318595825664.00
20240625 2962.77 2971.65 2935.54 2950.00 273209938 296569307136.00
20240626 2943.45 2976.67 2933.33 2972.53 282388409 276215169024.00
20240627 2962.70 2963.06 2944.90 2945.85 270548519 266670981120.00
20240628 2940.30 2985.47 2939.98 2967.40 315201432 313347014656.00
20240701 2965.25 2996.41 2961.86 2994.73 297782235 294321881088.00
20240702 2992.86 3004.99 2989.47 2997.01 281364683 282559381504.00
20240703 2995.66 2998.54 2978.07 2982.38 246284642 257840300032.00
20240704 2984.83 2995.57 2955.29 2957.57 274268789 259006709760.00
20240705 2954.37 2957.11 2920.20 2949.93 272324556 271508930560.00
20240708 2939.84 2947.61 2917.23 2922.45 277533424 270872018944.00
20240709 2919.57 2963.78 2904.04 2959.37 315062031 320361103360.00
20240710 2949.03 2958.86 2935.33 2939.36 301549456 306035261440.00
20240711 2957.25 2971.36 2947.40 2970.39 328372424 337653170176.00
20240712 2965.61 2977.14 2963.30 2971.30 303713014 302581579776.00
20240715 2963.85 2977.31 2959.13 2974.01 268992597 268733333504.00
20240716 2963.90 2977.36 2959.67 2976.30 260783630 279121362944.00
20240717 2970.81 2972.79 2957.95 2962.85 282307991 305469095936.00
20240718 2951.14 2978.09 2937.90 2977.13 278022665 301283737600.00
20240719 2963.51 2986.24 2955.12 2982.31 280932413 319112445952.00
20240722 2978.19 2978.60 2946.56 2964.22 278749559 316415475712.00
20240723 2960.50 2960.50 2915.37 2915.37 296295994 307194036224.00
20240724 2909.15 2922.03 2894.29 2901.95 306118853 288660357120.00
20240725 2891.89 2897.77 2872.85 2886.74 274639500 273281630208.00
20240726 2886.00 2899.12 2875.40 2890.90 278387536 275443449856.00
20240729 2889.47 2898.95 2878.58 2891.85 256899727 260094902272.00
20240730 2885.22 2885.22 2865.15 2879.30 262478837 269477478400.00
20240731 2877.54 2940.59 2876.30 2938.75 412723417 418871738368.00
20240801 2940.12 2947.88 2928.83 2932.39 346621137 352586104832.00
20240802 2913.02 2931.26 2902.72 2905.34 312205039 314917978112.00
20240805 2889.36 2919.03 2860.70 2860.70 355540572 356863016960.00
20240806 2878.65 2888.20 2845.34 2867.28 297300803 295835566080.00
20240807 2864.01 2886.94 2857.72 2869.83 263097150 263793655808.00
20240808 2864.76 2886.40 2850.87 2869.90 289128632 271107915776.00
20240809 2879.87 2887.85 2862.19 2862.19 284253916 252884025344.00
20240812 2858.89 2869.27 2851.30 2858.20 244241371 217626689536.00
20240813 2860.41 2867.95 2845.31 2867.95 231674601 210908512256.00
20240814 2866.24 2866.24 2850.40 2850.65 217885170 207457550336.00
20240815 2844.20 2889.09 2839.39 2877.36 271900000 254987108352.00
20240816 2877.94 2888.68 2873.06 2879.43 263653441 243608272896.00
20240819 2877.95 2905.15 2877.77 2893.67 261687730 242994888704.00
20240820 2895.55 2896.52 2855.33 2866.66 263658002 237307805696.00
20240821 2858.94 2863.89 2848.15 2856.58 229200027 209909186560.00
20240822 2856.20 2861.61 2845.50 2848.77 245399415 230124077056.00
20240823 2844.77 2860.73 2839.34 2854.37 226692565 214581903360.00
20240826 2855.47 2860.65 2844.38 2855.52 227351523 216806653952.00
20240827 2850.88 2853.78 2843.16 2848.73 230693006 215686332416.00
20240828 2844.33 2852.56 2830.96 2837.43 228730623 213862367232.00
20240829 2829.45 2831.43 2815.38 2823.11 277510534 257644232704.00
20240830 2819.65 2867.96 2817.01 2842.21 397516975 384092897280.00
20240902 2832.35 2839.28 2810.37 2811.04 340714193 314813022208.00
20240903 2809.17 2814.90 2794.91 2802.98 275736139 252782477312.00
20240904 2786.50 2800.61 2781.94 2784.28 257453500 234711695360.00
20240905 2785.26 2796.02 2777.47 2788.31 242040948 227514499072.00
20240906 2791.76 2804.09 2765.64 2765.81 253645375 228570136576.00
20240909 2754.72 2756.56 2726.97 2736.49 261468847 236605849600.00
20240910 2737.88 2750.12 2718.63 2744.19 262159015 226408497152.00
20240911 2732.73 2732.73 2710.62 2721.80 242264900 219755954176.00
20240912 2722.14 2734.68 2716.56 2717.12 240084315 218571096064.00
20240913 2718.99 2728.78 2703.37 2704.09 251270038 227818799104.00
20240918 2705.35 2724.11 2689.70 2717.28 247817132 213090582528.00
20240919 2723.21 2747.74 2697.78 2736.02 315208389 280536055808.00
20240920 2734.23 2741.16 2717.95 2736.81 285644627 255433326592.00
20240923 2735.39 2760.48 2731.36 2748.92 257642154 235214503936.00
20240924 2770.75 2863.15 2761.37 2863.13 477619545 442795294720.00
20240925 2901.42 2952.45 2889.05 2896.31 568259816 516698079232.00
20240926 2893.75 3000.95 2889.01 3000.95 576319261 524669059072.00
20240927 3049.10 3087.53 3017.45 3087.53 492287163 480612548608.00
20240930 3194.72 3358.59 3153.70 3336.50 1102337917 1167772614656.00
20241008 3674.40 3674.40 3372.19 3489.78 1313460195 1510513311744.00
20241009 3427.22 3437.16 3249.16 3258.86 992757256 1264311468032.00
20241010 3277.69 3379.81 3228.12 3301.93 834500257 947788513280.00
20241011 3287.87 3297.75 3187.99 3217.74 606027433 664332795904.00
20241014 3241.43 3294.62 3203.90 3284.32 631466859 701499244544.00
20241015 3265.75 3285.21 3201.29 3201.29 566054558 619091460096.00
20241016 3169.17 3236.85 3167.74 3202.95 515813997 533062418432.00
20241017 3220.73 3241.57 3169.38 3169.38 528611772 557347373056.00
20241018 3165.97 3313.98 3152.82 3261.56 693014623 827948924928.00
20241021 3276.06 3300.66 3239.10 3268.11 668150299 855781474304.00
20241022 3263.82 3294.96 3255.14 3285.87 574913781 698861486080.00
20241023 3285.25 3331.08 3277.07 3302.80 650444128 760066408448.00
20241024 3287.82 3292.94 3266.88 3280.26 519827074 585248931840.00
20241025 3280.76 3319.36 3276.13 3299.70 595651707 677255315456.00
20241028 3300.46 3322.20 3279.72 3322.20 672373131 717510213632.00
20241029 3328.09 3340.46 3284.21 3286.41 725326154 806573834240.00
20241030 3273.64 3291.68 3244.81 3266.24 669018090 730619772928.00
20241031 3267.98 3295.74 3252.39 3279.82 784649094 864970997760.00
20241101 3275.58 3305.32 3258.73 3272.01 852055320 878112800768.00
20241104 3275.68 3310.21 3263.84 3310.21 665077454 692341768192.00
20241105 3306.81 3386.99 3302.05 3386.99 821124902 929931460608.00
20241106 3395.22 3421.00 3367.08 3383.81 895855930 1026807627776.00
20241107 3359.99 3470.66 3356.26 3470.66 959556680 1048841289728.00
20241108 3502.13 3509.82 3443.19 3452.30 964034562 1107932348416.00
20241111 3432.37 3471.12 3416.73 3470.07 818025436 1024334888960.00
20241112 3469.89 3489.42 3402.04 3421.97 817926524 1039600844800.00
20241113 3406.92 3442.30 3404.53 3439.28 673662348 829435346944.00
20241114 3429.51 3441.77 3376.15 3379.84 631556690 762884194304.00
20241115 3369.81 3391.32 3330.73 3330.73 630285583 745937108992.00
20241118 3344.69 3386.90 3309.01 3323.85 743950692 755809648640.00
20241119 3324.88 3346.76 3284.13 3346.01 625024151 651575361536.00
20241120 3337.68 3375.25 3333.00 3367.99 566154289 627858341888.00
20241121 3362.94 3378.52 3348.86 3370.40 530331830 614517440512.00
20241122 3368.04 3372.00 3267.19 3267.19 630687790 707626467328.00
20241125 3274.88 3285.46 3232.92 3263.76 538897390 596502118400.00
20241126 3256.86 3285.33 3252.87 3259.76 472219304 509490593792.00
20241127 3250.59 3309.88 3227.36 3309.78 511202303 571617574912.00
20241128 3308.28 3319.26 3290.36 3295.70 511953047 558164148224.00
20241129 3295.21 3357.50 3293.69 3326.46 580227102 663851499520.00
20241202 3328.48 3369.30 3323.01 3363.98 668477762 709509513216.00
20241203 3366.29 3386.62 3348.37 3378.81 663030139 683982585856.00
20241204 3376.57 3388.02 3352.94 3364.65 621028862 653467516928.00
20241205 3353.06 3377.06 3353.06 3368.86 543885746 565551104000.00
20241206 3370.94 3418.26 3364.21 3404.08 698186572 685981040640.00
20241209 3402.63 3426.65 3385.96 3402.53 694905205 649443213312.00
20241210 3490.29 3494.87 3417.77 3422.66 794668034 860484009984.00
20241211 3416.09 3437.81 3416.09 3432.49 681544610 692929626112.00
20241212 3432.28 3464.12 3425.98 3461.50 700096689 734169006080.00
20241213 3442.93 3442.93 3390.75 3391.88 777464144 850714886144.00
20241216 3390.08 3401.93 3376.54 3386.33 625578996 675237462016.00
20241217 3381.81 3396.21 3357.77 3361.49 568941505 584789327872.00
20241218 3371.30 3396.46 3371.30 3382.21 512524979 539790671872.00
20241219 3355.90 3377.53 3346.47 3370.03 513909063 559131000832.00
20241220 3364.48 3390.62 3362.82 3368.07 490964621 596821934080.00
20241223 3367.90 3384.99 3348.28 3351.26 556747248 623117795328.00
20241224 3353.54 3394.90 3352.95 3393.53 471992673 530758041600.00
20241225 3395.11 3406.21 3374.01 3393.35 471315592 522168238080.00
20241226 3389.34 3401.10 3380.26 3398.08 422177271 518937018368.00
20241227 3397.29 3418.95 3388.32 3400.14 500488130 586090414080.00
20241230 3395.40 3412.84 3394.96 3407.33 455262383 522245341184.00
20241231 3406.97 3413.45 3351.76 3351.76 502731062 562584223744.00
20250102 3347.94 3351.72 3242.09 3262.56 561375199 603340537856.00
20250103 3267.08 3273.57 3205.78 3211.43 517592014 523159764992.00
20250106 3209.78 3219.49 3185.46 3206.92 430978403 444188196864.00
20250107 3203.31 3230.85 3190.46 3229.64 409660529 436388397056.00
20250108 3218.86 3246.29 3175.72 3230.17 472864390 508148449280.00
20250109 3220.72 3228.97 3205.91 3211.39 382943557 434445516800.00
20250110 3211.71 3220.11 3168.52 3168.52 403663348 465939365888.00
20250113 3148.83 3172.70 3140.98 3160.76 372742023 411773992960.00
20250114 3165.16 3245.22 3159.43 3240.94 469212704 538983825408.00
20250115 3234.72 3245.90 3222.24 3227.12 404723199 466216157184.00
20250116 3239.03 3265.28 3217.10 3236.03 430655539 499055427584.00
20250117 3226.76 3256.51 3219.77 3241.82 383599260 456553136128.00
20250120 3256.15 3268.26 3238.12 3244.38 403337948 469741043712.00
20250121 3256.83 3258.61 3229.07 3242.62 384583718 468263370752.00
20250122 3235.49 3235.50 3203.38 3213.62 364817518 452312858624.00
20250123 3237.60 3273.52 3229.57 3230.16 458246803 539800600576.00
20250124 3222.88 3260.01 3221.71 3252.63 398653033 480685064192.00
20250127 3256.61 3274.39 3250.60 3250.60 387467642 450231533568.00
20250205 3270.16 3271.02 3220.28 3229.49 406388181 521103015936.00
20250206 3226.58 3271.43 3225.85 3270.66 460842730 590421688320.00
20250207 3269.23 3324.43 3262.51 3303.67 600558451 757613789184.00
20250210 3308.04 3325.36 3299.24 3322.17 546589749 677038129152.00
20250211 3323.67 3324.17 3304.44 3318.06 511943541 632166678528.00
20250212 3312.26 3346.39 3310.39 3346.39 513437828 647387611136.00
20250213 3343.23 3359.18 3332.48 3332.48 568631161 705799782400.00
20250214 3328.48 3349.08 3322.53 3346.72 532332965 667555397632.00
20250217 3355.42 3357.12 3333.19 3355.83 589546569 750113062912.00
20250218 3348.98 3366.01 3314.30 3324.49 562679240 696798806016.00
20250219 3320.78 3352.09 3320.58 3351.54 502912965 675146366976.00
20250220 3347.59 3355.56 3338.03 3350.78 504357114 670099046400.00
20250221 3356.69 3381.06 3339.03 3379.11 608190206 855656955904.00
20250224 3374.08 3384.81 3355.87 3373.03 598188203 802847064064.00
20250225 3345.65 3369.56 3337.84 3346.04 527578562 727509762048.00
20250226 3351.21 3380.21 3351.21 3380.21 553992031 747887329280.00
20250227 3378.45 3388.78 3353.57 3388.06 575815020 774059982848.00
20250228 3374.66 3383.19 3318.72 3320.90 568319504 758054912000.00
20250303 3328.40 3349.02 3304.59 3316.93 502417862 643980656640.00
20250304 3300.50 3327.82 3297.53 3324.21 429996111 568728420352.00
20250305 3324.70 3342.71 3314.15 3341.96 460952696 587767611392.00
20250306 3353.57 3387.05 3348.68 3381.10 539992709 736438124544.00
20250307 3373.18 3390.94 3363.93 3372.55 517663551 687879028736.00
20250310 3373.26 3375.80 3347.19 3366.16 450380832 595026444288.00
20250311 3335.44 3379.83 3334.83 3379.83 448468323 592285794304.00
20250312 3385.69 3392.41 3370.22 3371.92 502195100 648501657600.00
20250313 3371.09 3377.12 3341.12 3358.73 519013479 636211625984.00
20250314 3361.69 3421.23 3360.61 3419.56 582663388 750041628672.00
20250317 3430.81 3436.35 3422.46 3426.13 515685138 639349948416.00
20250318 3434.57 3437.07 3423.30 3429.76 454916063 586338205696.00
20250319 3424.17 3439.05 3414.59 3426.43 440316299 559970189312.00
20250320 3425.22 3427.05 3404.66 3408.95 451630682 565607596032.00
20250321 3401.76 3414.71 3355.84 3364.83 520862630 623163998208.00
20250324 3364.83 3373.69 3340.24 3370.03 513310260 586745446400.00
20250325 3370.00 3379.99 3361.05 3369.98 456357393 516435673088.00
20250326 3365.67 3382.34 3365.67 3368.70 428533770 485185617920.00
20250327 3362.71 3394.03 3351.17 3373.75 414776314 496457121792.00
20250328 3372.04 3375.05 3346.08 3351.31 412284289 468807614464.00
20250331 3343.34 3361.74 3317.74 3335.75 472571978 531475791872.00
20250401 3340.71 3357.62 3338.78 3348.44 422588670 499415678976.00
20250402 3344.17 3361.13 3343.12 3350.13 350127364 411666055168.00
20250403 3319.61 3358.43 3319.61 3342.01 400517827 486510428160.00
20250407 3193.10 3217.78 3040.69 3096.58 662199584 735367331840.00
20250408 3094.26 3145.55 3085.12 3145.55 662242387 730166132736.00
20250409 3110.01 3186.81 3070.08 3186.81 684797174 755430260736.00
20250410 3227.84 3239.94 3201.57 3223.64 591208273 682356572160.00
20250411 3219.51 3249.85 3211.35 3238.23 475531804 580791369728.00
20250414 3251.98 3272.72 3244.73 3262.81 471373220 543811436544.00
20250415 3260.69 3268.98 3246.34 3267.66 396662895 456332607488.00
20250416 3267.67 3276.00 3233.79 3276.00 429534854 489200680960.00
20250417 3261.72 3285.92 3258.15 3280.34 382012698 442596753408.00
20250418 3270.35 3283.09 3262.39 3276.73 358836193 380313468928.00
20250421 3273.14 3298.64 3270.01 3291.43 379307588 429391675392.00
20250422 3289.17 3311.15 3288.33 3299.76 403167615 452675436544.00
20250423 3308.15 3312.19 3293.06 3296.36 411633212 486209323008.00
20250424 3295.15 3313.51 3286.24 3297.29 392844749 434706022400.00
20250425 3300.39 3305.26 3288.75 3295.06 411043192 445417619456.00
20250428 3292.06 3296.93 3279.88 3288.41 410665863 441916391424.00
20250429 3281.45 3294.98 3277.63 3286.65 388961672 430881046528.00
20250430 3284.08 3292.20 3277.55 3279.03 435794335 505572589568.00
20250506 3295.25 3316.45 3286.99 3316.11 474369617 551825047552.00
20250507 3354.97 3356.69 3324.81 3342.67 511159606 595230064640.00
20250508 3331.21 3359.73 3327.90 3352.00 428377766 501611364352.00
20250509 3350.41 3351.22 3335.13 3342.00 398909191 464862347264.00
20250512 3352.97 3372.47 3344.27 3369.24 418239910 522080714752.00
20250513 3386.23 3386.23 3370.25 3374.87 426240700 506608943104.00
20250514 3374.24 3417.31 3368.08 3403.95 464934441 534872948736.00
20250515 3398.43 3402.87 3378.02 3380.82 424100916 461292240896.00
20250516 3374.71 3380.29 3356.66 3367.46 395401030 435647053824.00
20250519 3365.88 3373.60 3356.65 3367.58 403074805 437177581568.00
20250520 3371.69 3387.80 3369.96 3380.48 405544534 450290483200.00
20250521 3380.21 3394.75 3380.21 3387.57 412496165 465956995072.00
20250522 3381.87 3390.59 3376.23 3380.19 394217206 438334521344.00
20250523 3376.87 3389.47 3348.37 3348.37 400227004 468587872256.00
20250526 3346.56 3362.31 3336.36 3346.84 347562101 400526573568.00
20250527 3346.50 3351.57 3332.49 3340.69 344071157 394408722432.00
20250528 3341.85 3348.23 3336.73 3339.93 341555443 389341216768.00
20250529 3340.40 3368.63 3337.42 3363.45 393233806 453741379584.00
20250530 3358.81 3361.28 3341.65 3347.49 385602170 443358969856.00
20250603 3340.07 3367.00 3340.07 3361.98 398060772 468292665344.00
20250604 3363.39 3379.64 3363.39 3376.20 386494643 446844600320.00
20250605 3378.22 3387.76 3371.15 3384.10 406252093 498241241088.00
20250606 3384.29 3391.45 3379.76 3385.36 380122886 452743725056.00
20250609 3388.78 3402.05 3383.07 3399.77 427347947 511879938048.00
20250610 3402.01 3406.45 3365.67 3384.82 481618568 557427654656.00
20250611 3385.46 3413.51 3385.46 3402.32 424090313 501807382528.00
20250612 3397.97 3408.20 3388.87 3402.66 409490610 501624569856.00
20250613 3397.48 3401.55 3370.59 3377.00 510065221 605384867840.00
20250616 3369.37 3389.76 3368.88 3388.73 405383278 481594408960.00
20250617 3388.18 3393.31 3376.42 3387.40 390012447 458038149120.00
20250618 3386.14 3391.71 3369.99 3388.81 378684891 441011109888.00
20250619 3384.29 3386.92 3353.94 3362.11 415327655 473258590208.00
20250620 3358.91 3370.80 3357.71 3359.90 350223662 410873266176.00
20250623 3349.46 3389.45 3347.65 3381.58 384561397 442789167104.00
20250624 3380.08 3423.78 3380.08 3420.57 460963800 544882065408.00
20250625 3419.09 3459.01 3417.41 3455.97 509384064 620173262848.00
20250626 3451.72 3462.75 3446.19 3448.45 496541077 603095105536.00
20250627 3450.69 3462.63 3421.04 3424.23 523129432 605731618816.00
20250630 3423.47 3447.46 3420.11 3444.43 457348049 567137271808.00
20250701 3445.85 3459.59 3441.04 3457.75 444356739 553556508672.00
20250702 3458.17 3461.33 3447.96 3454.79 498116776 543130714112.00
20250703 3456.15 3463.62 3446.97 3461.15 438543465 500211777536.00
20250704 3459.59 3497.22 3455.49 3472.32 500195210 567241277440.00
20250707 3467.98 3474.80 3462.79 3473.13 436631340 476197421056.00
20250708 3474.63 3499.89 3474.63 3497.48 493484773 567506501632.00
20250709 3498.72 3512.67 3491.20 3493.05 523920088 595962494976.00
20250710 3491.50 3526.59 3491.50 3509.68 564159805 613160517632.00
20250711 3511.37 3555.22 3506.80 3510.18 664185249 753549049856.00
20250714 3513.25 3532.12 3513.25 3519.65 572084705 623102459904.00
20250715 3519.81 3527.04 3483.38 3505.00 572074726 646851657728.00
20250716 3502.90 3511.81 3489.14 3503.78 470878578 572419342336.00
20250717 3500.37 3517.28 3499.19 3516.83 472211056 609790984192.00
20250718 3519.48 3536.01 3518.23 3534.48 493484088 643627548672.00
20250721 3542.82 3560.63 3542.57 3559.79 633649736 730905837568.00
20250722 3561.63 3584.72 3547.25 3581.86 716155230 840573452288.00
20250723 3588.88 3613.02 3577.59 3582.30 767672388 857045991424.00
20250724 3578.91 3608.73 3577.11 3605.73 773265835 852239646720.00
20250725 3604.45 3610.03 3586.22 3593.66 697189549 821609562112.00
20250728 3594.23 3606.27 3582.15 3597.94 594187877 761265455104.00
20250729 3595.81 3611.35 3585.94 3609.71 610642058 793606422528.00
20250730 3608.35 3636.17 3593.73 3615.72 637221916 819627950080.00
20250731 3604.70 3606.37 3562.61 3573.21 654509349 845893074944.00
20250801 3568.26 3581.75 3550.04 3559.95 509563080 684645220352.00
20250804 3547.16 3583.31 3547.16 3583.31 458573618 639775604736.00
20250805 3588.81 3617.60 3586.97 3617.60 499797780 656382492672.00
20250806 3615.81 3634.31 3613.99 3633.99 512467273 707221258240.00
20250807 3637.78 3645.12 3622.52 3639.67 535501202 749699989504.00
20250808 3634.85 3645.37 3625.45 3635.13 526407572 713569730560.00
20250811 3637.05 3656.85 3629.63 3647.55 551393348 751329476608.00
20250812 3647.96 3669.04 3647.96 3665.92 536623739 778161029120.00
20250813 3668.66 3688.63 3666.55 3683.46 613528884 887022616576.00
20250814 3685.52 3704.77 3662.57 3666.44 647829587 949464268800.00
20250815 3659.81 3702.26 3658.38 3696.77 678521703 960624984064.00
20250818 3712.50 3745.94 3702.38 3728.03 776016669 1133941882880.00
20250819 3728.49 3746.67 3718.15 3727.29 696099750 1060899258368.00
20250820 3716.68 3767.43 3704.99 3766.21 679836426 1017500139520.00
20250821 3770.68 3787.98 3757.99 3771.10 691552959 997741887488.00
20250822 3772.28 3825.76 3772.28 3825.76 698136277 1095091486720.00
20250825 3848.16 3883.56 3839.97 3883.56 885474802 1360903929856.00
20250826 3871.47 3888.60 3859.76 3868.38 734565305 1114187890688.00
20250827 3869.61 3887.20 3800.35 3800.35 858633499 1326848802816.00
20250828 3796.71 3845.09 3761.42 3843.60 788351947 1265185587200.00
20250829 3842.82 3867.61 3839.21 3857.93 739462366 1221691834368.00
20250901 3869.75 3879.05 3853.66 3875.53 747709536 1208347918336.00
20250902 3877.09 3885.31 3828.68 3858.13 762618833 1222777634816.00
20250903 3865.29 3868.39 3794.88 3813.56 645668510 1012296056832.00
20250904 3807.76 3808.40 3732.84 3765.88 710227933 1107891978240.00
20250905 3761.88 3817.16 3745.31 3812.51 626223380 979061702656.00
20250908 3811.67 3833.14 3803.60 3826.84 660066898 1025883766784.00
20250909 3816.66 3834.67 3791.72 3807.29 600239380 917795307520.00
20250910 3806.58 3827.00 3794.06 3812.22 534539825 821113585664.00
20250911 3806.06 3875.31 3796.43 3875.31 617012930 1016793989120.00
20250912 3875.51 3892.74 3866.54 3870.60 700641784 1093807308800.00
20250915 3876.10 3879.74 3855.97 3860.50 644793944 986171965440.00
20250916 3865.98 3876.69 3838.65 3861.87 673439723 989786144768.00
20250917 3854.07 3882.67 3848.95 3876.34 663434713 1006679097344.00
20250918 3876.06 3899.96 3801.00 3831.66 876027389 1365962391552.00
20250919 3830.44 3843.17 3811.90 3820.09 682292613 1016348278784.00
20250922 3822.01 3831.74 3806.20 3828.58 568325686 941799964672.00
20250923 3830.14 3838.61 3774.53 3821.83 701902868 1071697821696.00
20250924 3804.48 3854.92 3804.33 3853.64 602056670 1015707860992.00
#:
